1,259,113,372,3,1,376,224,600
2,233,118,351,2,3,356,219,575
3,268,124,392,3,2,397,203,600
4,290,105,395,3,2,400,200,600
5,265,119,384,5,0,389,211,600
6,238,100,338,5,0,343,157,500
7,214,109,323,5,1,329,171,500
8,242,88,330,5,1,336,164,500
9,228,89,317,4,0,321,171,492
10,225,134,359,0,0,359,241,600
11,234,135,369,2,0,371,229,600
12,236,134,370,5,1,376,224,600
13,238,145,383,2,1,386,214,600
14,218,130,348,4,0,352,248,600
15,228,149,377,5,1,383,217,600
16,246,126,372,1,1,374,226,600
17,217,136,353,3,1,357,243,600
18,235,133,368,3,1,372,228,600
19,211,140,351,5,2,358,242,600
20,253,146,399,3,1,403,197,600
21,211,128,339,1,0,340,260,600
22,215,108,323,5,0,328,252,580
23,216,122,338,2,0,340,210,550
24,235,130,365,2,0,367,183,550
25,227,109,336,3,1,340,184,524
26,234,99,333,2,4,339,161,500
27,181,137,318,4,0,322,278,600
28,180,126,306,1,0,307,243,550
29,167,108,275,0,0,275,238,513
30,211,180,391,8,1,400,200,600
31,189,192,381,3,0,384,216,600
32,149,171,320,2,0,322,178,500
33,173,173,346,2,0,348,216,564
34,171,147,318,2,0,320,180,500
35,174,140,314,4,1,319,181,500
36,138,166,304,6,2,312,188,500
37,152,154,306,1,2,309,191,500
38,202,168,370,5,0,375,225,600
39,199,194,393,2,1,396,204,600
40,214,167,381,7,0,388,212,600
41,200,175,375,2,1,378,222,600
42,220,151,371,1,2,374,226,600
43,206,181,387,2,3,392,208,600
44,217,165,382,4,1,387,213,600
45,216,177,393,5,0,398,202,600
46,212,171,383,3,0,386,214,600
47,190,179,369,2,2,373,227,600
48,213,156,369,3,0,372,228,600
49,214,167,381,3,0,384,216,600
50,205,177,382,4,0,386,214,600
51,243,139,382,2,1,385,215,600
52,209,179,388,3,0,391,219,610
53,214,144,358,6,0,364,249,613
54,250,176,426,9,1,436,164,600
55,261,152,413,1,0,414,186,600
56,223,155,378,2,2,382,164,546
57,205,135,340,2,0,342,158,500
58,226,117,343,6,1,350,150,500
59,9,10,19,0,0,19,210,229
60,13,10,23,0,0,23,342,365
61,219,96,315,5,0,320,252,572
62,181,89,270,1,0,271,229,500
63,196,80,276,3,1,280,220,500
64,257,123,380,3,1,384,216,600
65,247,145,392,4,1,397,203,600
66,226,165,391,2,0,393,207,600
67,264,133,397,1,1,399,201,600
68,244,147,391,4,0,395,205,600
69,227,138,365,2,1,368,232,600
70,271,139,410,4,0,414,186,600
71,213,119,332,2,1,335,178,513
72,220,114,334,2,1,337,163,500
73,199,137,336,2,3,341,159,500
74,222,119,341,2,1,344,156,500
75,225,115,340,2,0,342,158,500
76,292,143,435,1,2,438,180,618
77,245,174,419,6,1,426,192,618
78,285,147,432,4,2,438,180,618
79,267,144,411,5,3,419,181,600
80,267,130,397,3,0,400,200,600
81,291,147,438,3,0,441,159,600
82,274,140,414,5,0,419,181,600
83,280,120,400,3,0,403,179,582
84,271,109,380,3,0,383,167,550
85,249,119,368,3,0,371,179,550
86,264,126,390,5,2,397,153,550
87,238,130,368,2,0,370,180,550
88,280,169,449,5,1,455,145,600
89,290,135,425,4,1,430,170,600
90,274,152,426,4,0,430,170,600
91,270,163,433,3,0,436,164,600
92,272,168,440,3,0,443,157,600
93,273,160,433,5,5,443,157,600
94,277,123,400,6,0,406,194,600
95,272,133,405,2,0,407,193,600
96,287,133,420,3,2,425,175,600
97,277,151,428,4,0,432,168,600
98,278,134,412,5,0,417,183,600
99,260,165,425,7,0,432,168,600
100,273,162,435,2,0,437,163,600
101,289,138,427,3,3,433,167,600
102,278,134,412,2,1,415,185,600
103,250,159,409,1,2,412,188,600
104,280,154,434,9,0,443,157,600
105,234,127,361,4,0,365,160,525
106,209,158,367,4,1,372,153,525
107,238,133,371,9,1,381,119,500
108,241,122,363,5,1,369,131,500
109,235,120,355,1,1,357,143,500
110,230,107,337,5,0,342,158,500
111,326,146,472,5,0,477,123,600
112,315,129,444,5,0,449,151,600
113,332,130,462,3,1,466,134,600
114,316,134,450,5,1,456,144,600
115,309,109,418,5,1,424,126,550
116,270,125,395,6,2,403,147,550
117,248,119,367,9,3,379,121,500
118,264,98,362,3,2,367,133,500
119,275,80,355,2,0,357,144,501
120,317,145,462,3,1,466,134,600
121,327,124,451,4,0,455,145,600
122,295,148,443,7,2,452,148,600
123,294,150,444,4,1,449,151,600
124,281,156,437,8,1,446,154,600
125,284,114,398,6,2,406,194,600
126,290,159,449,4,1,454,146,600
127,294,140,434,2,0,436,164,600
128,306,157,463,0,2,465,135,600
129,284,172,456,4,2,462,138,600
130,312,131,443,4,0,447,153,600
131,317,138,455,6,0,461,139,600
132,303,141,444,6,0,450,150,600
133,305,137,442,2,0,444,156,600
134,297,140,437,3,0,440,160,600
135,252,133,385,7,0,392,142,534
136,240,116,356,4,1,361,139,500
137,267,98,365,1,0,366,134,500
138,262,110,372,2,2,376,124,500
139,247,129,376,2,1,379,121,500
140,303,163,466,2,1,469,131,600
141,302,151,453,4,1,458,142,600
142,300,137,437,4,3,444,156,600
143,316,124,440,2,1,443,157,600
144,332,118,450,0,0,450,150,600
145,309,118,427,5,1,433,167,600
146,294,139,433,3,1,437,163,600
147,289,141,430,7,0,437,163,600
148,259,151,410,2,0,412,120,532
149,260,107,367,3,0,370,130,500
150,252,119,371,2,0,373,127,500
151,241,117,358,2,0,360,140,500
152,260,124,384,4,1,389,211,600
153,257,127,384,5,0,389,211,600
154,267,129,396,2,0,398,202,600
155,224,99,323,0,1,324,226,550
156,238,98,336,4,0,340,197,537
157,299,115,414,5,1,420,180,600
158,284,132,416,6,2,424,176,600
159,284,127,411,10,3,424,176,600
160,313,118,431,10,3,444,156,600
161,275,120,395,4,2,401,179,580
162,183,129,312,1,0,313,163,476
163,164,139,303,2,0,305,145,450
164,111,224,335,5,0,340,161,501
165,100,230,330,7,0,337,163,500
166,80,202,282,1,1,284,316,600
167,102,188,290,4,0,294,306,600
168,82,192,274,1,0,275,325,600
169,90,176,266,3,0,269,331,600
170,96,180,276,2,0,278,322,600
171,94,183,277,2,1,280,314,594
172,98,190,288,2,0,290,260,550
173,84,167,251,3,0,254,296,550
174,283,148,431,2,0,433,167,600
175,287,155,442,3,0,445,155,600
176,287,151,438,5,0,443,157,600
177,221,170,391,2,0,393,157,550
178,223,117,340,8,0,348,152,500
179,269,119,388,4,0,392,122,514
180,21,24,45,3,1,49,81,130
181,250,142,392,5,2,399,201,600
182,268,135,403,5,2,410,190,600
183,245,137,382,3,0,385,215,600
184,271,124,395,7,0,402,198,600
185,229,118,347,5,3,355,156,511
186,206,123,329,5,0,334,166,500
187,262,162,424,8,1,433,167,600
188,274,152,426,7,0,433,167,600
189,286,115,401,3,1,405,195,600
190,259,143,402,6,0,408,192,600
191,277,134,411,6,2,419,181,600
192,274,161,435,4,3,442,158,600
193,265,118,383,9,0,392,176,568
194,289,134,423,8,2,433,167,600
195,298,134,432,9,2,443,157,600
196,276,153,429,7,0,436,164,600
197,276,146,422,3,0,425,175,600
198,284,144,428,2,0,430,170,600
199,300,143,443,3,1,447,153,600
200,305,115,420,4,0,424,176,600
201,271,131,402,5,0,407,193,600
202,301,129,430,3,7,440,160,600
203,274,136,410,3,1,414,186,600
204,302,142,444,3,0,447,153,600
205,283,147,430,4,2,436,164,600
206,264,145,409,2,3,414,186,600
207,287,126,413,5,1,419,181,600
208,281,124,405,3,1,409,191,600
209,271,154,425,4,1,430,170,600
210,263,131,394,6,2,402,198,600
211,275,148,423,5,1,429,171,600
212,296,138,434,4,1,439,161,600
213,305,128,433,3,2,438,162,600
214,260,153,413,3,1,417,183,600
215,268,136,404,5,2,411,189,600
216,248,110,358,8,1,367,139,506
217,265,101,366,3,1,370,130,500
218,185,106,291,5,2,298,202,500
219,137,219,356,3,0,359,241,600
220,151,216,367,5,0,372,228,600
221,164,209,373,7,0,380,220,600
222,134,206,340,5,0,345,255,600
223,147,212,359,2,2,363,237,600
224,152,222,374,5,1,380,220,600
225,126,232,358,4,1,363,237,600
226,143,208,351,2,0,353,247,600
227,170,187,357,5,0,362,238,600
228,140,236,376,1,0,377,223,600
229,133,222,355,5,0,360,240,600
230,118,225,343,4,0,347,253,600
231,139,226,365,0,0,365,235,600
232,144,219,363,4,0,367,233,600
233,132,237,369,5,1,375,225,600
234,133,211,344,5,0,349,251,600
235,122,242,364,4,1,369,231,600
236,139,202,341,3,0,344,256,600
237,126,238,364,2,2,368,232,600
238,144,207,351,6,0,357,243,600
239,149,219,368,0,2,370,230,600
240,137,210,347,3,0,350,250,600
241,115,208,323,5,0,328,272,600
242,112,258,370,6,1,377,223,600
243,135,216,351,2,0,353,247,600
244,152,209,361,2,0,363,237,600
245,136,223,359,2,0,361,239,600
246,155,213,368,4,2,374,226,600
247,132,234,366,4,0,370,230,600
248,144,220,364,1,0,365,235,600
249,144,210,354,2,0,356,244,600
250,122,197,319,5,1,325,223,548
251,131,196,327,4,0,331,169,500
252,127,178,305,5,2,312,188,500
253,95,169,264,1,1,266,234,500
254,312,155,467,3,1,471,129,600
255,279,168,447,5,3,455,145,600
256,297,139,436,4,2,442,158,600
257,297,141,438,1,1,440,160,600
258,299,172,471,3,1,475,125,600
259,304,149,453,2,1,456,144,600
260,287,150,437,5,0,442,158,600
261,261,125,386,3,1,390,131,521
262,245,127,372,3,0,375,125,500
263,239,141,380,2,1,383,117,500
264,195,182,377,6,0,383,217,600
265,173,182,355,3,0,358,242,600
266,197,196,393,1,1,395,205,600
267,189,186,375,5,0,380,220,600
268,180,197,377,3,0,380,220,600
269,167,206,373,3,0,376,224,600
270,202,162,364,4,0,368,232,600
271,170,191,361,7,0,368,232,600
272,172,215,387,4,0,391,209,600
273,190,184,374,3,0,377,223,600
274,153,210,363,4,0,367,233,600
275,184,198,382,1,0,383,217,600
276,192,189,381,4,1,386,214,600
277,196,188,384,3,0,387,201,588
278,180,173,353,1,1,355,195,550
279,181,175,356,4,0,360,190,550
280,5,6,11,1,0,12,110,122
281,275,145,420,2,1,423,177,600
282,254,158,412,2,0,414,186,600
284,246,162,408,3,0,411,189,600
285,250,164,414,4,1,419,181,600
286,230,166,396,5,1,402,198,600
287,278,151,429,1,2,432,168,600
288,242,168,410,5,1,416,184,600
289,263,167,430,1,1,432,168,600
290,263,149,412,5,0,417,183,600
291,241,170,411,3,1,415,185,600
292,267,153,420,0,1,421,179,600
293,254,149,403,4,3,410,190,600
294,247,139,386,3,1,390,210,600
295,248,170,418,3,1,422,178,600
296,251,137,388,2,1,391,209,600
298,242,156,398,2,0,400,200,600
299,256,150,406,3,2,411,189,600
300,288,137,425,4,0,429,171,600
301,269,142,411,4,0,415,185,600
302,280,158,438,1,1,440,160,600
303,254,141,395,4,2,401,199,600
304,260,162,422,3,0,425,175,600
305,240,166,406,5,1,412,188,600
306,238,133,371,2,3,376,163,539
307,212,135,347,2,0,349,151,500
308,215,126,341,1,1,343,157,500
309,214,123,337,3,2,342,158,500
310,147,203,350,4,0,354,246,600
311,153,200,353,0,1,354,246,600
312,164,177,341,2,0,343,257,600
313,152,199,351,3,1,355,245,600
314,161,167,328,0,0,328,272,600
315,141,195,336,6,0,342,258,600
316,141,167,308,0,0,308,232,540
317,120,162,282,1,0,283,217,500
318,133,160,293,2,0,295,205,500
319,133,165,298,4,0,302,198,500
320,142,164,306,1,0,307,193,500
321,239,177,416,1,2,419,181,600
322,235,140,375,2,0,377,223,600
323,241,155,396,0,1,397,203,600
324,258,132,390,3,0,393,207,600
325,219,160,379,3,0,382,218,600
326,241,151,392,2,2,396,204,600
327,249,146,395,3,0,398,202,600
328,213,180,393,5,1,399,201,600
329,229,168,397,1,2,400,200,600
330,236,149,385,5,0,390,210,600
331,215,167,382,4,1,387,213,600
332,248,150,398,3,3,404,196,600
333,250,179,429,4,0,433,167,600
334,250,146,396,4,1,401,199,600
335,245,166,411,1,0,412,188,600
336,243,143,386,0,0,386,214,600
337,229,163,392,4,0,396,204,600
338,210,215,425,2,0,427,173,600
339,244,150,394,3,4,401,199,600
340,252,160,412,2,1,415,185,600
341,248,160,408,0,1,409,191,600
342,252,193,445,3,1,449,151,600
343,243,146,389,4,2,395,205,600
344,214,145,359,3,1,363,180,543
345,195,144,339,3,0,342,158,500
346,188,156,344,0,0,344,156,500
347,218,114,332,5,0,337,163,500
348,174,213,387,1,1,389,211,600
349,175,224,399,5,0,404,196,600
350,184,206,390,2,0,392,208,600
351,172,226,398,4,0,402,198,600
352,169,204,373,1,1,375,175,550
353,135,169,304,6,1,311,189,500
354,136,175,311,2,0,313,187,500
355,145,189,334,3,0,337,163,500
356,129,209,338,3,0,341,159,500
357,241,186,427,7,3,437,163,600
358,208,192,400,0,3,403,197,600
359,241,193,434,1,0,435,165,600
360,218,204,422,2,1,425,175,600
361,219,188,407,5,1,413,187,600
362,260,162,422,3,1,426,174,600
363,228,192,420,1,1,422,178,600
364,215,202,417,1,1,419,181,600
365,226,173,399,4,1,404,196,600
366,229,182,411,2,0,413,187,600
367,219,206,425,5,1,431,169,600
368,252,146,398,2,0,400,200,600
369,196,213,409,2,2,413,187,600
370,206,190,396,2,1,399,201,600
371,244,167,411,5,0,416,184,600
372,232,182,414,2,0,416,184,600
373,254,165,419,4,0,423,177,600
374,228,157,385,4,1,390,146,536
375,212,122,334,3,1,338,162,500
376,283,151,434,2,1,437,163,600
377,296,139,435,2,0,437,163,600
378,254,172,426,2,1,429,171,600
379,259,172,431,0,0,431,169,600
380,267,146,413,2,4,419,181,600
381,242,145,387,3,1,391,209,600
382,261,176,437,3,1,441,159,600
383,288,135,423,4,1,428,172,600
384,254,154,408,1,1,410,190,600
385,141,292,433,3,0,436,164,600
386,254,159,413,6,0,419,181,600
387,245,151,396,2,0,398,196,594
388,239,113,352,1,0,353,147,500
389,230,113,343,6,0,349,151,500
390,209,141,350,1,0,351,149,500
391,219,142,361,2,2,365,135,500
392,225,122,347,4,0,351,149,500
393,274,133,407,7,0,414,186,600
394,265,161,426,5,0,431,169,600
395,261,149,410,6,0,416,184,600
396,255,148,403,0,0,403,197,600
397,218,175,393,3,0,396,204,600
398,239,191,430,5,2,437,163,600
399,199,147,346,0,0,346,154,500
400,216,122,338,2,1,341,159,500
401,200,149,349,2,1,352,148,500
402,189,128,317,7,1,325,175,500
403,219,125,344,5,0,349,162,511
404,253,155,408,2,0,410,190,600
405,248,148,396,5,2,403,197,600
406,276,155,431,1,1,433,167,600
407,265,157,422,3,1,426,169,595
408,213,136,349,5,0,354,146,500
409,217,137,354,0,5,359,141,500
410,318,123,441,6,0,447,153,600
411,301,123,424,2,0,426,174,600
412,305,135,440,5,2,447,153,600
413,300,121,421,6,0,427,173,600
414,277,138,415,2,2,419,181,600
415,303,132,435,3,2,440,160,600
416,288,141,429,5,2,436,164,600
417,314,135,449,5,0,454,146,600
418,268,154,422,4,1,427,173,600
419,310,136,446,3,1,450,148,598
420,273,146,419,7,2,428,172,600
421,319,130,449,7,0,456,144,600
422,290,139,429,7,1,437,163,600
423,305,135,440,5,0,445,155,600
424,274,150,424,6,0,430,170,600
425,299,127,426,7,1,434,166,600
426,303,136,439,2,1,442,158,600
427,297,145,442,2,1,445,155,600
428,290,148,438,2,3,443,157,600
429,251,100,351,4,0,355,145,500
430,241,98,339,2,1,342,128,470
431,267,144,411,5,1,417,183,600
432,300,121,421,6,0,427,173,600
433,299,123,422,3,0,425,175,600
434,303,116,419,4,1,424,176,600
435,297,138,435,4,1,440,160,600
436,295,151,446,2,2,450,150,600
437,279,134,413,2,0,415,185,600
438,299,147,446,2,0,448,152,600
439,252,152,404,7,0,411,189,600
440,295,115,410,1,0,411,189,600
441,282,131,413,4,1,418,182,600
442,274,147,421,4,1,426,174,600
443,274,145,419,8,0,427,173,600
444,276,147,423,3,1,427,173,600
445,274,145,419,8,2,429,171,600
446,265,142,407,4,1,412,188,600
447,283,159,442,1,0,443,157,600
448,251,160,411,3,3,417,183,600
449,289,139,428,5,0,433,167,600
450,269,110,379,2,2,383,166,549
451,213,106,319,10,2,331,213,544
452,276,127,403,4,1,408,192,600
453,300,126,426,1,1,428,172,600
454,240,106,346,4,0,350,200,550
455,215,104,319,7,0,326,174,500
456,213,99,312,2,2,316,184,500
457,243,178,421,6,6,433,167,600
458,211,187,398,8,2,408,192,600
459,247,167,414,2,3,419,181,600
460,256,152,408,7,3,418,182,600
461,254,171,425,4,0,429,171,600
462,261,156,417,6,2,425,175,600
463,250,147,397,8,1,406,194,600
464,236,162,398,13,0,411,189,600
465,218,165,383,8,1,392,208,600
466,244,164,408,6,3,417,183,600
467,214,189,403,5,1,409,191,600
468,240,159,399,6,1,406,194,600
469,229,153,382,5,2,389,167,556
470,195,128,323,7,2,332,168,500
471,174,168,342,4,3,349,151,500
472,192,142,334,7,1,342,158,500
473,257,169,426,4,1,431,169,600
474,272,183,455,3,0,458,142,600
475,246,165,411,11,0,422,178,600
476,271,163,434,5,2,441,159,600
477,271,141,412,11,1,424,176,600
478,250,161,411,6,2,419,181,600
479,273,167,440,7,0,447,153,600
480,279,157,436,6,3,445,155,600
481,281,179,460,3,3,466,145,611
482,252,180,432,5,0,437,173,610
483,260,158,418,10,0,428,172,600
484,258,169,427,7,0,434,166,600
485,294,132,426,3,1,430,170,600
486,285,140,425,7,0,432,168,600
487,237,143,380,6,2,388,162,550
488,259,122,381,2,2,385,165,550
489,235,134,369,1,2,372,149,521
490,25,12,37,0,0,37,23,60
491,273,147,420,5,0,425,175,600
492,262,188,450,3,0,453,147,600
493,278,150,428,5,1,434,166,600
494,297,151,448,6,0,454,146,600
495,295,148,443,5,1,449,151,600
496,304,127,431,4,2,437,163,600
497,284,161,445,9,1,455,145,600
498,296,145,441,6,0,447,153,600
499,298,141,439,4,0,443,157,600
500,293,154,447,7,0,454,146,600
501,292,150,442,3,0,445,155,600
502,280,157,437,4,0,441,159,600
503,292,149,441,4,0,445,155,600
504,264,158,422,4,2,428,172,600
505,289,144,433,4,1,438,162,600
506,257,127,384,5,2,391,109,500
507,227,109,336,1,1,338,142,480
508,238,181,419,1,3,423,177,600
509,238,167,405,2,1,408,192,600
510,233,184,417,2,0,419,181,600
511,279,154,433,4,2,439,161,600
512,242,174,416,3,1,420,180,600
514,242,186,428,3,1,432,168,600
515,247,150,397,3,1,401,199,600
516,270,166,436,3,0,439,161,600
518,248,176,424,1,0,425,175,600
519,226,176,402,2,0,404,196,600
520,247,183,430,2,0,432,168,600
521,240,187,427,3,0,430,170,600
522,244,185,429,3,1,433,167,600
523,214,188,402,3,0,405,195,600
524,223,193,416,2,0,418,182,600
525,260,161,421,3,0,424,176,600
526,267,154,421,3,0,424,176,600
527,220,173,393,5,1,399,201,600
528,259,174,433,5,1,439,161,600
529,254,173,427,2,0,429,171,600
530,255,171,426,4,1,431,169,600
531,208,170,378,0,2,380,163,543
532,225,189,414,9,1,424,176,600
533,259,158,417,2,0,419,181,600
534,242,176,418,1,0,419,181,600
535,265,182,447,2,1,450,150,600
536,239,161,400,1,0,401,199,600
537,240,183,423,0,0,423,177,600
538,241,188,429,3,1,433,167,600
539,234,199,433,4,1,438,162,600
540,270,169,439,2,1,442,158,600
541,232,188,420,4,0,424,162,586
542,205,142,347,4,1,352,148,500
543,12,20,32,2,0,34,42,76
544,201,201,402,2,0,404,196,600
545,222,168,390,3,0,393,207,600
546,198,191,389,4,0,393,207,600
547,217,223,440,5,0,445,155,600
561,212,191,403,2,0,405,195,600
562,188,194,382,7,0,389,211,600
563,229,172,401,5,0,406,194,600
564,209,211,420,1,1,422,178,600
565,219,214,433,3,0,436,164,600
566,199,192,391,0,1,392,208,600
567,208,192,400,5,0,405,195,600
568,196,165,361,3,0,364,186,550
569,164,206,370,2,0,372,178,550
570,206,169,375,4,0,379,171,550
571,190,174,364,1,0,365,185,550
572,180,185,365,3,1,369,181,550
573,179,193,372,1,0,373,177,550
574,187,189,376,2,2,380,170,550
575,191,187,378,2,0,380,170,550
576,179,182,361,1,1,363,173,536
577,43,23,66,1,0,67,24,91
578,218,196,414,3,1,418,182,600
579,243,184,427,3,0,430,170,600
580,229,142,371,0,0,371,152,523
599,224,165,389,5,0,394,206,600
600,286,127,413,0,0,413,187,600
621,233,171,404,2,0,406,194,600
622,240,178,418,5,0,423,177,600
623,270,169,439,3,0,442,158,600
624,289,149,438,2,3,443,157,600
641,301,159,460,4,0,464,136,600
642,303,157,460,8,2,470,130,600
283,242,166,408,5,0,413,187,600
297,265,136,401,4,2,407,193,600
513,232,183,415,1,0,416,184,600
517,249,159,408,3,0,411,189,600
548,230,162,392,5,1,398,202,600
549,217,178,395,10,0,405,195,600
550,222,188,410,3,0,413,187,600
551,230,167,397,2,0,399,201,600
552,224,169,393,3,0,396,204,600
553,224,153,377,5,0,382,218,600
554,189,219,408,2,1,411,189,600
555,225,190,415,2,1,418,182,600
556,220,177,397,6,1,404,196,600
557,211,190,401,1,0,402,198,600
558,211,151,362,0,1,363,172,535
559,205,107,312,1,0,313,156,469
560,192,90,282,2,0,284,166,450
581,202,163,365,1,1,367,133,500
582,177,151,328,4,0,332,168,500
583,215,127,342,2,1,345,155,500
584,83,34,117,1,0,118,54,172
585,166,133,299,1,1,301,149,450
586,173,132,305,2,0,307,154,461
587,184,212,396,4,1,401,199,600
588,183,216,399,3,0,402,198,600
589,164,234,398,3,0,401,199,600
590,182,215,397,1,0,398,202,600
591,164,226,390,3,0,393,207,600
592,179,224,403,4,0,407,193,600
593,152,173,325,1,1,327,173,500
594,172,162,334,0,1,335,165,500
595,152,170,322,2,0,324,154,478
596,229,158,387,0,1,388,212,600
597,225,171,396,3,2,401,199,600
598,222,163,385,3,0,388,212,600
601,272,153,425,1,0,426,174,600
602,238,159,397,3,0,400,200,600
603,223,137,360,4,2,366,234,600
604,249,158,407,3,0,410,190,600
605,234,162,396,3,1,400,200,600
606,230,173,403,3,0,406,194,600
607,218,184,402,3,0,405,195,600
608,230,144,374,7,0,381,219,600
609,219,150,369,6,0,375,225,600
610,186,192,378,4,1,383,217,600
611,204,161,365,2,0,367,233,600
612,245,159,404,3,0,407,193,600
613,211,196,407,3,0,410,190,600
614,223,168,391,0,1,392,208,600
615,253,170,423,4,0,427,173,600
616,214,127,341,2,1,344,156,500
617,205,112,317,2,0,319,178,497
618,258,152,410,5,0,415,185,600
619,289,140,429,1,0,430,170,600
620,259,171,430,1,0,431,169,600
625,248,166,414,4,0,418,182,600
626,262,144,406,4,0,410,190,600
627,256,171,427,4,0,431,169,600
628,263,169,432,2,1,435,165,600
629,264,159,423,2,0,425,175,600
630,221,161,382,3,1,386,214,600
631,246,176,422,2,0,424,176,600
632,286,168,454,0,0,454,146,600
633,273,170,443,4,0,447,153,600
634,188,133,321,2,0,323,177,500
635,238,130,368,4,4,376,124,500
636,189,123,312,3,0,315,124,439
637,84,32,116,0,0,116,256,372
638,8,4,12,0,0,12,27,39
639,8,17,25,0,0,25,20,45
640,319,123,442,3,0,445,155,600
643,292,151,443,4,3,450,150,600
644,329,127,456,2,1,459,141,600
645,307,140,447,8,1,456,144,600
646,293,153,446,6,1,453,147,600
647,293,146,439,0,1,440,160,600
648,304,136,440,3,1,444,156,600
649,296,153,449,5,2,456,144,600
650,286,140,426,4,1,431,169,600
651,299,128,427,5,0,432,168,600
652,276,109,385,2,2,389,111,500
653,260,100,360,5,0,365,135,500
654,264,125,389,4,3,396,104,500
655,241,117,358,1,1,360,132,492
656,348,91,439,3,1,443,172,615
657,368,99,467,1,2,470,145,615
658,352,95,447,0,2,449,165,614
659,230,61,291,2,0,293,161,454
660,277,66,343,1,0,344,110,454
661,107,43,150,1,0,151,52,203
662,250,160,410,6,0,416,184,600
663,262,157,419,4,3,426,174,600
664,258,158,416,2,0,418,182,600
665,240,114,354,1,0,355,145,500
666,219,138,357,3,0,360,140,500
667,226,120,346,5,0,351,150,501
668,166,196,362,4,1,367,233,600
669,197,186,383,6,2,391,209,600
670,178,171,349,1,1,351,249,600
671,195,178,373,2,1,376,224,600
672,199,171,370,5,0,375,225,600
673,177,159,336,6,0,342,215,557
674,246,56,302,3,0,305,123,428
675,290,60,350,3,0,353,75,428
676,259,77,336,2,2,340,110,450
677,212,85,297,0,3,300,105,405
678,320,65,385,1,1,387,113,500
679,314,67,381,5,0,386,145,531
680,271,63,334,4,1,339,135,474
681,280,80,360,2,0,362,138,500
682,245,87,332,1,0,333,167,500
683,217,103,320,1,0,321,155,476
684,141,53,194,1,0,195,159,354
685,30,43,73,1,1,75,86,161
686,188,55,243,3,0,246,105,351
687,178,65,243,2,1,246,104,350
688,72,25,97,0,0,97,24,121
689,136,45,181,0,1,182,38,220
690,250,196,446,2,0,448,152,600
691,281,169,450,7,3,460,140,600
692,294,164,458,4,0,462,138,600
693,263,188,451,4,0,455,145,600
694,105,59,164,1,1,166,63,229
695,282,149,431,4,0,435,165,600
696,226,178,404,2,0,406,194,600
697,215,187,402,3,0,405,195,600
698,237,196,433,3,0,436,164,600
699,239,184,423,5,0,428,172,600
700,218,169,387,3,1,391,209,600
701,165,170,335,2,0,337,163,500
702,169,185,354,2,0,356,144,500
703,154,181,335,3,1,339,161,500
704,194,153,347,3,1,351,149,500
705,199,152,351,2,0,353,147,500
706,220,185,405,3,2,410,155,565
707,246,136,382,4,0,386,214,600
708,249,182,431,4,2,437,163,600
709,254,181,435,1,0,436,164,600
710,249,172,421,0,0,421,179,600
711,275,121,396,1,3,400,200,600
712,230,185,415,3,3,421,179,600
713,273,161,434,5,0,439,161,600
714,233,176,409,4,0,413,187,600
715,286,149,435,1,1,437,163,600
716,238,198,436,2,0,438,162,600
717,255,155,410,6,0,416,184,600
718,259,152,411,3,2,416,184,600
719,255,153,408,3,1,412,188,600
720,268,155,423,1,0,424,176,600
721,186,132,318,4,0,322,178,500
722,217,125,342,1,0,343,157,500
723,193,137,330,3,0,333,167,500
724,248,115,363,2,0,365,135,500
725,223,142,365,2,1,368,165,533
726,231,210,441,3,2,446,154,600
727,257,184,441,1,0,442,158,600
728,261,173,434,5,2,441,159,600
729,229,193,422,4,2,428,172,600
730,259,171,430,6,0,436,164,600
731,254,185,439,2,0,441,159,600
732,236,150,386,2,0,388,162,550
733,202,167,369,6,1,376,174,550
734,221,142,363,5,1,369,126,495
735,307,138,445,4,1,450,150,600
736,279,180,459,2,0,461,139,600
737,286,140,426,3,1,430,170,600
738,311,157,468,8,0,476,124,600
739,276,178,454,1,1,456,144,600
740,302,136,438,6,1,445,155,600
741,265,163,428,6,1,435,165,600
742,275,168,443,3,0,446,154,600
743,227,142,369,3,1,373,127,500
744,220,143,363,3,3,369,131,500
745,214,144,358,3,0,361,139,500
746,255,128,383,0,0,383,117,500
747,262,134,396,3,0,399,108,507
748,292,163,455,2,1,458,142,600
749,305,156,461,2,3,466,134,600
750,281,164,445,5,1,451,149,600
751,291,167,458,3,1,462,138,600
752,314,135,449,6,1,456,144,600
753,228,137,365,5,1,371,129,500
754,232,124,356,5,0,361,139,500
755,231,134,365,3,0,368,132,500
756,233,138,371,7,1,379,121,500
757,294,137,431,4,0,435,147,582
758,114,228,342,2,0,344,256,600
759,131,219,350,3,1,354,246,600
760,110,206,316,6,0,322,278,600
761,101,232,333,3,0,336,264,600
762,102,244,346,1,0,347,253,600
763,147,216,363,4,2,369,231,600
764,114,220,334,3,0,337,263,600
765,135,192,327,2,0,329,271,600
766,125,215,340,1,1,342,258,600
767,114,224,338,5,0,343,257,600
768,107,202,309,3,1,313,286,599
769,98,225,323,2,0,325,275,600
770,125,217,342,1,1,344,256,600
771,112,245,357,3,0,360,240,600
772,99,235,334,2,1,337,263,600
773,126,200,326,4,0,330,270,600
774,103,232,335,2,2,339,261,600
775,133,188,321,2,2,325,275,600
776,90,202,292,2,0,294,206,500
777,77,214,291,2,1,294,206,500
778,95,187,282,2,1,285,215,500
779,106,203,309,1,0,310,226,536
780,321,102,423,5,1,429,171,600
781,340,115,455,4,5,464,136,600
782,346,87,433,3,1,437,163,600
783,335,98,433,2,1,436,164,600
784,349,85,434,0,0,434,166,600
785,366,85,451,3,0,454,146,600
786,356,93,449,4,0,453,147,600
787,319,119,438,3,1,442,158,600
788,320,103,423,3,1,427,173,600
789,336,114,450,4,0,454,146,600
790,371,75,446,3,1,450,150,600
791,350,97,447,1,1,449,151,600
792,295,75,370,1,0,371,129,500
793,330,81,411,2,0,413,118,531
794,243,66,309,2,0,311,189,500
795,192,59,251,1,0,252,148,400
796,254,65,319,2,0,321,79,400
797,187,57,244,0,0,244,61,305
798,29,6,35,0,0,35,39,74
799,11,9,20,3,0,23,15,38
800,186,48,234,1,1,236,64,300
801,223,67,290,3,0,293,90,383
802,313,57,370,3,2,375,172,547
803,202,100,302,2,1,305,145,450
804,203,110,313,1,0,314,136,450
805,178,83,261,2,0,263,133,396
806,59,3,62,0,0,62,46,108
807,96,7,103,0,1,104,62,166
808,41,8,49,0,0,49,30,79
809,80,21,101,5,0,106,77,183
810,141,36,177,0,1,178,111,289
811,39,10,49,0,0,49,54,103
812,229,22,251,1,0,252,98,350
813,262,59,321,6,0,327,123,450
814,254,69,323,1,0,324,126,450
815,244,90,334,1,1,336,124,460
816,263,78,341,1,2,344,106,450
817,252,79,331,5,2,338,112,450
818,219,90,309,4,1,314,105,419
819,211,79,290,2,0,292,108,400
820,224,96,320,1,0,321,115,436
821,306,114,420,0,1,421,179,600
822,195,137,332,3,0,335,184,519
823,189,59,248,2,3,253,113,366
824,245,48,293,0,0,293,107,400
825,227,53,280,4,1,285,142,427
826,101,20,121,1,1,123,34,157
827,281,50,331,2,0,333,167,500
828,246,64,310,0,0,310,155,465
829,124,74,198,0,2,200,141,341
830,164,89,253,4,3,260,140,400
831,170,57,227,3,1,231,125,356
832,171,33,204,3,1,208,92,300
833,202,53,255,1,0,256,119,375
834,355,89,444,1,0,445,146,591
835,329,116,445,10,2,457,143,600
836,328,107,435,3,0,438,162,600
837,285,109,394,3,0,397,203,600
838,254,90,344,1,0,345,155,500
839,311,118,429,2,3,434,155,589
840,113,48,161,2,0,163,57,220
841,94,12,106,2,1,109,93,202
842,130,75,205,2,1,208,141,349
843,104,50,154,1,1,156,110,266
844,61,24,85,1,0,86,49,135
845,110,56,166,0,1,167,133,300
846,156,89,245,1,0,246,125,371
847,30,18,48,6,1,55,53,108
848,44,18,62,1,0,63,41,104
849,49,34,83,1,0,84,69,153
850,53,50,103,1,1,105,111,216
851,7,8,15,2,0,17,30,47
852,318,101,419,2,0,421,179,600
853,372,66,438,1,0,439,161,600
854,339,67,406,4,0,410,190,600
855,326,93,419,1,2,422,178,600
856,367,65,432,2,1,435,165,600
857,252,78,330,4,1,335,165,500
858,266,67,333,2,2,337,163,500
859,296,67,363,1,1,365,135,500
860,254,51,305,3,0,308,125,433
861,265,69,334,0,0,334,116,450
862,278,77,355,6,1,362,188,550
863,320,70,390,4,1,395,154,549
864,261,89,350,1,0,351,249,600
865,321,75,396,1,0,397,210,607
866,25,11,36,1,0,37,10,47
867,36,32,68,2,2,72,55,127
868,266,89,355,2,3,360,240,600
869,281,90,371,3,0,374,226,600
870,231,74,305,3,4,312,188,500
871,236,65,301,4,1,306,196,502
872,8,7,15,0,0,15,14,29
873,66,18,84,1,0,85,45,130
874,54,40,94,5,0,99,106,205
875,109,54,163,0,0,163,105,268
876,9,33,42,0,0,42,7,49
877,201,95,296,4,1,301,155,456
878,172,107,279,2,1,282,174,456
879,177,131,308,0,2,310,220,530
880,283,132,415,6,0,421,179,600
881,237,159,396,5,5,406,194,600
882,231,159,390,1,0,391,209,600
883,268,136,404,2,1,407,193,600
884,269,151,420,7,0,427,173,600
885,258,133,391,3,1,395,205,600
886,283,119,402,6,0,408,192,600
887,293,127,420,4,1,425,175,600
888,258,137,395,7,2,404,196,600
889,285,139,424,1,0,425,175,600
890,260,160,420,3,1,424,176,600
891,322,110,432,7,2,441,159,600
892,295,104,399,4,0,403,197,600
893,250,132,382,6,0,388,212,600
894,250,175,425,0,0,425,175,600
895,260,165,425,1,2,428,172,600
896,288,110,398,6,0,404,196,600
897,232,150,382,3,0,385,215,600
898,301,109,410,3,2,415,185,600
899,311,109,420,1,1,422,178,600
900,276,150,426,3,1,430,170,600
901,251,164,415,3,0,418,182,600
902,249,136,385,5,1,391,209,600
903,231,158,389,1,0,390,210,600
904,258,129,387,3,0,390,210,600
905,272,136,408,7,0,415,185,600
906,265,158,423,6,0,429,171,600
907,237,140,377,4,0,381,219,600
908,268,131,399,0,0,399,201,600
909,258,154,412,2,0,414,186,600
910,284,151,435,2,1,438,189,627
911,237,159,396,1,0,397,203,600
912,223,162,385,3,0,388,212,600
913,230,174,404,1,0,405,195,600
914,250,173,423,4,0,427,173,600
915,204,199,403,1,0,404,196,600
916,224,139,363,4,1,368,183,551
917,196,130,326,7,1,334,166,500
918,204,118,322,5,1,328,172,500
919,187,140,327,2,1,330,170,500
920,187,158,345,1,0,346,154,500
921,14,2,16,1,0,17,25,42
922,220,66,286,2,0,288,162,450
923,222,54,276,1,0,277,173,450
924,190,71,261,2,1,264,139,403
925,87,35,122,0,1,123,61,184
926,164,40,204,2,1,207,91,298
927,96,54,150,2,0,152,65,217
928,347,97,444,4,0,448,152,600
929,323,76,399,3,1,403,197,600
930,307,120,427,3,1,431,169,600
931,314,69,383,1,0,384,116,500
932,289,91,380,2,0,382,118,500
933,288,104,392,3,0,395,168,563
934,260,130,390,5,2,397,203,600
935,22,19,41,0,0,41,26,67
936,121,39,160,2,0,162,147,309
937,172,141,313,4,0,317,183,500
938,325,115,440,1,1,442,158,600
939,312,83,395,4,0,399,101,500
940,264,88,352,3,1,356,144,500
941,260,118,378,6,0,384,116,500
942,283,97,380,4,1,385,115,500
943,308,69,377,4,3,384,132,516
944,113,75,188,0,0,188,103,291
945,241,101,342,0,1,343,169,512
946,267,67,334,1,0,335,246,581
947,37,17,54,0,0,54,30,84
948,21,31,52,2,0,54,45,99
949,93,41,134,1,3,138,60,198
950,271,124,395,1,1,397,186,583
951,70,23,93,0,0,93,53,146
952,223,151,374,3,1,378,222,600
953,241,150,391,3,2,396,204,600
954,235,154,389,4,0,393,207,600
955,222,142,364,2,1,367,233,600
956,207,111,318,6,0,324,176,500
957,217,130,347,7,0,354,146,500
958,256,139,395,3,1,399,176,575
959,219,171,390,1,0,391,209,600
960,199,189,388,9,0,397,203,600
961,172,139,311,0,0,311,189,500
962,174,149,323,4,0,327,180,507
963,324,128,452,3,0,455,145,600
964,293,130,423,2,1,426,174,600
965,308,121,429,3,1,433,167,600
966,301,113,414,5,0,419,181,600
967,285,146,431,6,0,437,163,600
968,289,133,422,5,1,428,172,600
969,285,159,444,2,1,447,153,600
970,331,119,450,5,2,457,143,600
971,298,129,427,9,0,436,164,600
972,260,141,401,3,1,405,195,600
973,314,120,434,1,1,436,164,600
974,284,142,426,1,2,429,171,600
975,242,96,338,2,2,342,158,500
976,307,117,424,2,0,426,147,573
977,97,52,149,10,0,159,117,276
978,189,64,253,3,2,258,62,320
979,313,113,426,4,1,431,169,600
980,313,128,441,3,1,445,155,600
981,305,115,420,6,2,428,173,601
982,315,134,449,2,1,452,148,600
983,330,117,447,3,0,450,168,618
984,123,51,174,3,0,177,75,252
985,190,135,325,4,0,329,171,500
986,235,110,345,4,0,349,151,500
987,225,112,337,2,0,339,161,500
988,172,103,275,2,1,278,139,417
989,182,83,265,3,1,269,131,400
990,186,83,269,3,0,272,128,400
991,198,105,303,0,1,304,153,457
992,215,118,333,3,0,336,164,500
993,193,109,302,2,0,304,196,500
994,198,96,294,3,0,297,103,400
995,294,83,377,2,1,380,166,546
996,102,101,203,3,1,207,93,300
997,123,138,261,3,0,264,101,365
998,146,57,203,2,1,206,118,324
999,109,38,147,2,1,150,78,228
1000,64,26,90,0,0,90,41,131
1001,38,26,64,1,0,65,29,94
1002,114,61,175,0,0,175,83,258
1003,79,24,103,1,1,105,100,205
1004,180,70,250,3,1,254,63,317
1005,15,10,25,0,0,25,14,39
1006,219,64,283,4,2,289,111,400
1007,230,89,319,3,0,322,163,485
1008,159,142,301,7,4,312,188,500
1009,143,138,281,3,1,285,170,455
1010,318,117,435,7,1,443,157,600
1011,282,141,423,0,0,423,177,600
1012,313,127,440,5,1,446,154,600
1013,279,133,412,3,2,417,183,600
1014,276,150,426,2,1,429,171,600
1015,272,151,423,1,1,425,175,600
1016,301,130,431,5,1,437,163,600
1017,283,154,437,4,0,441,159,600
1018,293,130,423,5,1,429,171,600
1019,262,153,415,1,1,417,183,600
1020,272,164,436,2,0,438,162,600
1021,286,138,424,2,1,427,173,600
1022,277,149,426,5,1,432,168,600
1023,300,136,436,6,0,442,158,600
1024,295,126,421,9,0,430,170,600
1025,304,132,436,2,0,438,162,600
1026,259,156,415,5,0,420,180,600
1027,295,130,425,2,1,428,172,600
1028,268,157,425,7,1,433,167,600
1029,299,139,438,4,1,443,157,600
1030,291,134,425,1,2,428,172,600
1031,291,150,441,4,2,447,153,600
1032,281,151,432,8,3,443,157,600
1033,269,133,402,7,1,410,190,600
1034,258,147,405,4,0,409,191,600
1035,304,147,451,4,0,455,145,600
1036,313,123,436,2,1,439,161,600
1037,306,145,451,1,0,452,148,600
1038,276,149,425,2,1,428,172,600
1039,287,144,431,2,0,433,167,600
1040,248,104,352,1,1,354,146,500
1041,239,125,364,4,0,368,132,500
1042,239,129,368,2,0,370,130,500
1043,221,111,332,0,0,332,168,500
1044,251,119,370,2,3,375,153,528
1045,44,30,74,1,3,78,53,131
1046,283,145,428,5,0,433,167,600
1047,232,115,347,4,0,351,149,500
1048,266,89,355,3,0,358,142,500
1049,235,109,344,1,1,346,103,449
1050,307,120,427,4,4,435,165,600
1051,327,107,434,4,4,442,158,600
1052,289,151,440,5,1,446,154,600
1053,311,128,439,1,0,440,160,600
1054,308,130,438,3,3,444,156,600
1055,291,133,424,3,0,427,173,600
1056,302,137,439,3,2,444,156,600
1057,300,135,435,7,1,443,157,600
1058,282,142,424,3,0,427,173,600
1059,311,120,431,4,2,437,163,600
1060,297,128,425,6,0,431,169,600
1061,305,136,441,4,2,447,153,600
1062,307,104,411,4,2,417,183,600
1063,292,127,419,4,2,425,175,600
1064,279,159,438,2,1,441,159,600
1065,298,154,452,3,0,455,145,600
1066,302,133,435,3,1,439,161,600
1067,293,137,430,3,0,433,167,600
1068,277,137,414,4,0,418,148,566
1069,256,91,347,2,0,349,151,500
1070,8,0,8,0,0,8,9,17
1071,302,160,462,8,2,472,128,600
1072,289,139,428,1,1,430,170,600
1073,250,175,425,2,2,429,171,600
1074,273,138,411,8,1,420,180,600
1075,276,164,440,6,0,446,154,600
1076,302,153,455,1,1,457,143,600
1077,307,158,465,3,1,469,131,600
1078,298,149,447,3,0,450,150,600
1079,282,155,437,7,3,447,153,600
1080,272,166,438,0,0,438,162,600
1081,255,181,436,3,1,440,160,600
1082,270,169,439,5,1,445,155,600
1083,284,154,438,3,1,442,158,600
1084,300,133,433,5,0,438,162,600
1085,316,137,453,4,3,460,140,600
1086,263,149,412,4,1,417,183,600
1087,276,155,431,4,1,436,164,600
1088,295,142,437,2,1,440,160,600
1089,293,144,437,2,2,441,159,600
1090,275,141,416,2,1,419,181,600
1091,277,142,419,5,1,425,175,600
1092,249,126,375,2,0,377,163,540
1093,240,189,429,3,3,435,165,600
1094,282,147,429,1,0,430,170,600
1095,260,148,408,3,2,413,187,600
1096,268,165,433,4,1,438,162,600
1097,240,162,402,2,1,405,195,600
1098,223,134,357,3,0,360,140,500
1099,233,117,350,7,0,357,143,500
1100,189,164,353,3,1,357,143,500
1101,224,125,349,3,1,353,147,500
1102,271,154,425,5,0,430,155,585
1103,233,195,428,4,0,432,168,600
1104,238,191,429,3,1,433,167,600
1105,266,177,443,4,0,447,153,600
1106,229,187,416,5,1,422,178,600
1107,260,196,456,6,0,462,138,600
1108,245,200,445,1,0,446,154,600
1109,232,218,450,3,0,453,147,600
1110,257,190,447,3,0,450,150,600
1111,195,175,370,2,1,373,127,500
1112,197,164,361,2,0,363,137,500
1113,263,148,411,4,1,416,162,578
1114,191,204,395,2,1,398,202,600
1115,204,224,428,1,0,429,171,600
1116,232,193,425,1,1,427,173,600
1117,235,203,438,2,1,441,159,600
1118,196,216,412,3,0,415,185,600
1119,233,189,422,4,0,426,174,600
1120,205,186,391,3,2,396,204,600
1121,198,213,411,7,0,418,182,600
1122,234,166,400,3,1,404,196,600
1123,176,203,379,2,0,381,219,600
1124,205,188,393,0,1,394,206,600
1125,232,178,410,4,1,415,185,600
1126,226,189,415,0,0,415,185,600
1127,236,203,439,0,0,439,161,600
1128,226,179,405,2,1,408,192,600
1129,196,197,393,2,1,396,204,600
1130,213,212,425,4,1,430,170,600
1131,203,213,416,4,1,421,179,600
1132,182,174,356,4,0,360,149,509
1133,153,98,251,5,3,259,154,413
1134,149,119,268,5,0,273,127,400
1135,208,193,401,9,1,411,189,600
1136,185,187,372,2,3,377,223,600
1137,225,172,397,3,1,401,199,600
1138,210,201,411,4,0,415,209,624
1139,206,182,388,2,1,391,209,600
1140,212,184,396,3,1,400,200,600
1141,208,216,424,3,3,430,170,600
1142,204,209,413,2,0,415,185,600
1143,222,173,395,3,0,398,202,600
1144,223,158,381,5,1,387,213,600
1145,200,177,377,2,1,380,220,600
1146,230,175,405,4,2,411,189,600
1147,208,176,384,2,0,386,214,600
1148,214,168,382,4,0,386,214,600
1149,205,207,412,5,0,417,183,600
1150,232,151,383,2,0,385,215,600
1151,217,180,397,0,0,397,203,600
1152,222,190,412,1,0,413,187,600
1153,210,176,386,1,0,387,213,600
1154,236,184,420,1,0,421,179,600
1155,209,151,360,1,0,361,199,560
1156,120,219,339,1,1,341,259,600
1157,126,246,372,1,0,373,227,600
1158,160,211,371,2,1,374,226,600
1159,112,234,346,1,1,348,252,600
1160,110,226,336,2,0,338,262,600
1161,131,232,363,4,0,367,233,600
1162,98,203,301,1,0,302,198,500
1163,109,194,303,1,0,304,196,500
1164,101,199,300,4,0,304,196,500
1165,138,193,331,3,1,335,223,558
1166,335,113,448,1,1,450,150,600
1167,330,138,468,4,0,472,128,600
1168,324,139,463,6,0,469,131,600
1169,304,129,433,5,0,438,162,600
1170,312,133,445,4,1,450,150,600
1171,290,139,429,3,0,432,168,600
1172,283,149,432,6,2,440,160,600
1173,302,150,452,7,1,460,140,600
1174,311,143,454,4,0,458,142,600
1175,305,138,443,2,4,449,151,600
1176,294,137,431,3,0,434,166,600
1177,303,113,416,2,0,418,126,544
1178,302,142,444,7,1,452,148,600
1179,325,124,449,5,0,454,146,600
1180,268,110,378,1,0,379,140,519
1181,298,123,421,2,1,424,176,600
1182,202,111,313,2,0,315,185,500
1183,228,118,346,1,1,348,152,500
1184,219,117,336,2,1,339,161,500
1185,225,88,313,2,0,315,152,467
1186,92,62,154,2,2,158,159,317
1187,303,149,452,3,2,457,143,600
1188,273,138,411,3,1,415,185,600
1189,304,131,435,5,0,440,160,600
1190,255,177,432,4,2,438,162,600
1191,258,168,426,5,0,431,169,600
1192,302,119,421,4,1,426,174,600
1193,247,171,418,5,2,425,175,600
1194,272,142,414,5,1,420,180,600
1195,304,132,436,7,1,444,156,600
1196,220,126,346,2,1,349,151,500
1197,263,108,371,1,1,373,127,500
1198,255,120,375,3,0,378,122,500
1199,223,111,334,4,0,338,162,500
1200,238,114,352,5,0,357,143,500
1201,318,111,429,11,0,440,140,580
1202,271,153,424,4,0,428,172,600
1203,234,141,375,3,0,378,145,523
1204,172,111,283,1,1,285,115,400
1205,169,118,287,2,0,289,111,400
1206,212,150,362,1,1,364,123,487
1207,290,155,445,2,0,447,153,600
1208,295,140,435,2,1,438,162,600
1209,256,155,411,4,2,417,183,600
1210,283,143,426,9,2,437,163,600
1211,286,151,437,6,0,443,157,600
1212,272,158,430,5,0,435,165,600
1213,235,133,368,3,0,371,129,500
1214,230,105,335,4,2,341,159,500
1215,255,122,377,0,0,377,133,510
1216,141,89,230,1,0,231,122,353
1217,122,84,206,0,3,209,91,300
1218,304,122,426,1,0,427,173,600
1219,280,143,423,3,0,426,174,600
1220,293,139,432,9,1,442,158,600
1221,271,134,405,5,1,411,189,600
1222,321,120,441,3,1,445,155,600
1223,303,147,450,6,1,457,143,600
1224,240,111,351,7,0,358,142,500
1225,254,101,355,3,1,359,141,500
1226,257,131,388,1,0,389,153,542
1227,267,129,396,2,0,398,134,532
1228,240,105,345,1,0,346,154,500
1229,226,122,348,3,1,352,148,500
1230,222,191,413,1,0,414,186,600
1231,239,178,417,2,1,420,180,600
1232,218,160,378,2,0,380,220,600
1233,242,186,428,2,1,431,169,600
1234,272,141,413,3,0,416,184,600
1235,226,191,417,2,0,419,181,600
1236,243,157,400,4,0,404,196,600
1237,208,191,399,8,0,407,187,594
1238,231,151,382,1,0,383,217,600
1239,243,165,408,6,0,414,186,600
1240,229,175,404,6,0,410,190,600
1241,216,181,397,4,1,402,198,600
1242,243,171,414,1,2,417,183,600
1243,228,183,411,4,1,416,184,600
1244,227,166,393,4,0,397,203,600
1245,245,152,397,2,0,399,201,600
1246,227,152,379,4,1,384,163,547
1247,237,161,398,4,0,402,198,600
1248,269,165,434,0,0,434,166,600
1249,240,164,404,4,0,408,192,600
1250,240,151,391,5,1,397,203,600
1251,223,175,398,3,0,401,199,600
1252,244,179,423,1,0,424,176,600
1253,262,150,412,5,2,419,181,600
1254,254,177,431,3,0,434,166,600
1255,234,178,412,5,0,417,183,600
1256,215,181,396,1,1,398,202,600
1257,243,169,412,5,1,418,182,600
1258,185,140,325,4,0,329,171,500
1259,202,129,331,4,0,335,170,505
1260,198,133,331,3,0,334,166,500
1261,209,131,340,0,0,340,160,500
1262,210,122,332,1,1,334,172,506
1263,143,111,254,2,0,256,136,392
1264,190,193,383,4,0,387,213,600
1265,174,210,384,5,2,391,209,600
1266,193,205,398,2,0,400,200,600
1267,196,204,400,2,1,403,197,600
1268,177,189,366,5,2,373,227,600
1269,196,175,371,3,0,374,226,600
1270,187,205,392,3,0,395,205,600
1271,189,167,356,5,1,362,238,600
1272,178,206,384,3,0,387,213,600
1273,184,224,408,2,0,410,190,600
1274,158,183,341,4,1,346,154,500
1275,129,207,336,2,0,338,162,500
1276,170,158,328,2,0,330,170,500
1277,179,157,336,2,1,339,167,506
1278,190,184,374,2,1,377,223,600
1279,208,178,386,2,2,390,210,600
1280,174,214,388,6,2,396,204,600
1281,141,173,314,4,0,318,182,500
1282,160,152,312,3,0,315,185,500
1283,135,172,307,4,1,312,188,500
1284,154,176,330,4,1,335,165,500
1285,155,157,312,5,0,317,187,504
1286,211,200,411,2,0,413,187,600
1287,221,174,395,4,1,400,200,600
1288,212,165,377,5,0,382,218,600
1289,201,190,391,4,1,396,204,600
1290,207,172,379,3,2,384,216,600
1291,207,184,391,2,0,393,207,600
1292,185,210,395,2,1,398,202,600
1293,193,186,379,1,1,381,219,600
1294,146,161,307,2,1,310,197,507
1295,150,218,368,1,2,371,229,600
1296,148,225,373,1,1,375,225,600
1297,158,198,356,4,1,361,239,600
1298,181,196,377,4,2,383,217,600
1299,153,199,352,0,0,352,248,600
1300,162,201,363,3,1,367,233,600
1301,152,220,372,4,0,376,224,600
1302,145,232,377,7,1,385,215,600
1303,170,190,360,3,0,363,237,600
1304,156,209,365,1,1,367,233,600
1305,140,227,367,5,0,372,228,600
1306,173,196,369,4,0,373,227,600
1307,153,162,315,1,0,316,184,500
1308,141,183,324,1,0,325,175,500
1309,133,184,317,3,0,320,180,500
1310,146,178,324,3,1,328,203,531
1311,155,189,344,4,0,348,252,600
1312,151,192,343,4,0,347,253,600
1313,125,195,320,4,0,324,276,600
1314,114,151,265,0,0,265,235,500
1315,100,183,283,1,0,284,216,500
1316,115,177,292,3,1,296,254,550
1317,89,177,266,3,0,269,256,525
1318,318,152,470,2,0,472,128,600
1319,282,164,446,6,1,453,147,600
1320,318,155,473,2,2,477,123,600
1321,285,166,451,6,0,457,143,600
1322,253,172,425,5,2,432,168,600
1323,304,155,459,2,0,461,139,600
1324,308,153,461,1,1,463,137,600
1325,286,154,440,6,0,446,154,600
1326,302,160,462,5,0,467,133,600
1327,306,139,445,4,0,449,151,600
1328,288,171,459,4,0,463,137,600
1329,319,152,471,3,0,474,126,600
1330,301,157,458,1,2,461,139,600
1331,285,158,443,4,1,448,152,600
1332,295,142,437,6,1,444,156,600
1333,302,141,443,6,0,449,151,600
1334,227,155,382,3,0,385,115,500
1335,257,124,381,3,2,386,114,500
1336,247,129,376,8,3,387,113,500
1337,250,134,384,2,1,387,113,500
1338,264,129,393,1,1,395,114,509
1339,293,177,470,2,1,473,127,600
1340,319,143,462,6,1,469,131,600
1341,310,164,474,2,0,476,124,600
1342,295,160,455,6,0,461,139,600
1343,260,190,450,3,0,453,147,600
1344,289,167,456,2,1,459,153,612
1345,288,163,451,1,1,453,156,609
1346,278,163,441,10,1,452,155,607
1347,313,142,455,2,0,457,150,607
1348,286,152,438,5,2,445,162,607
1349,350,115,465,4,1,470,137,607
1350,276,181,457,4,1,462,145,607
1351,285,128,413,3,1,417,190,607
1352,269,172,441,1,2,444,163,607
1353,168,130,298,4,2,304,146,450
1354,196,98,294,2,0,296,175,471
1355,257,187,444,1,0,445,155,600
1356,270,179,449,4,1,454,146,600
1357,254,200,454,2,2,458,142,600
1358,256,180,436,3,1,440,160,600
1359,259,175,434,5,1,440,160,600
1360,248,149,397,2,0,399,201,600
1361,278,173,451,4,1,456,144,600
1362,238,201,439,3,0,442,158,600
1363,270,177,447,4,0,451,149,600
1364,255,166,421,3,1,425,175,600
1365,283,155,438,4,1,443,157,600
1366,246,170,416,5,1,422,178,600
1367,243,170,413,5,0,418,182,600
1368,200,149,349,5,0,354,146,500
1369,211,139,350,2,0,352,148,500
1370,207,153,360,5,0,365,135,500
1371,228,137,365,1,1,367,131,498
1372,296,169,465,2,1,468,132,600
1373,280,175,455,1,0,456,144,600
1374,292,170,462,3,2,467,133,600
1375,274,181,455,4,1,460,140,600
1376,324,147,471,4,2,477,123,600
1377,284,167,451,3,1,455,145,600
1378,302,167,469,5,0,474,126,600
1379,313,154,467,2,1,470,130,600
1380,270,181,451,6,1,458,142,600
1381,268,181,449,5,1,455,145,600
1382,273,183,456,7,2,465,135,600
1383,318,151,469,6,0,475,125,600
1384,312,160,472,3,0,475,125,600
1385,300,147,447,4,0,451,149,600
1386,283,177,460,5,0,465,135,600
1387,271,182,453,2,0,455,145,600
1388,303,176,479,7,1,487,113,600
1389,255,186,441,2,1,444,156,600
1390,295,152,447,5,0,452,148,600
1391,277,173,450,9,0,459,141,600
1392,308,158,466,4,1,471,129,600
1393,289,164,453,4,0,457,143,600
1394,281,165,446,0,0,446,154,600
1395,304,133,437,2,0,439,161,600
1396,265,189,454,4,2,460,140,600
1397,287,154,441,1,1,443,157,600
1398,298,152,450,3,0,453,147,600
1399,308,142,450,3,2,455,142,597
1400,225,180,405,2,0,407,193,600
1401,229,177,406,3,0,409,191,600
1402,261,128,389,1,1,391,209,600
1403,239,151,390,4,0,394,206,600
1404,246,141,387,2,1,390,210,600
1405,230,158,388,2,0,390,210,600
1406,192,153,345,1,1,347,203,550
1407,211,122,333,4,0,337,173,510
1408,136,81,217,1,0,218,182,400
1409,94,79,173,1,1,175,166,341
1410,335,100,435,3,2,440,160,600
1411,375,85,460,1,0,461,139,600
1412,340,107,447,5,0,452,148,600
1413,337,81,418,8,1,427,173,600
1414,327,92,419,3,0,422,178,600
1415,304,88,392,3,1,396,154,550
1416,302,81,383,2,1,386,157,543
1417,301,65,366,6,0,372,128,500
1418,259,55,314,0,0,314,166,480
1419,306,89,395,1,3,399,101,500
1420,213,86,299,1,1,301,110,411
1421,264,79,343,4,2,349,151,500
1422,257,81,338,2,0,340,160,500
1423,291,78,369,3,0,372,143,515
1424,23,2,25,0,0,25,19,44
1425,252,69,321,2,1,324,249,573
1426,63,17,80,1,0,81,82,163
1427,24,7,31,0,1,32,72,104
1428,217,68,285,2,2,289,104,393
1429,196,61,257,3,0,260,140,400
1430,171,43,214,2,0,216,135,351
1431,315,116,431,4,1,436,156,592
1432,286,109,395,5,2,402,198,600
1433,232,106,338,2,0,340,160,500
1434,231,109,340,3,1,344,156,500
1435,243,108,351,5,0,356,144,500
1436,102,53,155,1,2,158,68,226
1437,115,93,208,2,1,211,137,348
1438,172,78,250,2,0,252,142,394
1439,233,40,273,5,1,279,157,436
1440,184,65,249,1,1,251,161,412
1441,83,19,102,0,0,102,62,164
1442,53,19,72,0,0,72,81,153
1443,129,52,181,2,0,183,158,341
1444,118,63,181,2,0,183,167,350
1445,133,68,201,2,1,204,138,342
1446,125,44,169,2,0,171,132,303
1447,59,65,124,2,1,127,112,239
1448,19,12,31,0,0,31,76,107
1449,25,13,38,1,0,39,36,75
1450,48,16,64,0,0,64,43,107
1451,100,18,118,0,0,118,73,191
1452,91,33,124,1,0,125,76,201
1453,311,130,441,3,1,445,155,600
1454,305,122,427,0,0,427,173,600
1456,315,132,447,2,0,449,151,600
1455,314,114,428,2,1,431,169,600
1457,334,114,448,3,0,451,149,600
1458,290,130,420,2,2,424,176,600
1459,313,131,444,3,1,448,152,600
1460,311,124,435,3,0,438,162,600
1461,298,128,426,4,1,431,169,600
1462,327,110,437,4,1,442,158,600
1463,323,100,423,5,0,428,172,600
1464,293,132,425,5,0,430,170,600
1465,275,147,422,3,1,426,174,600
1466,284,129,413,5,2,420,180,600
1467,302,131,433,7,0,440,160,600
1468,318,102,420,3,0,423,177,600
1469,291,140,431,5,2,438,162,600
1470,315,115,430,4,1,435,165,600
1471,303,134,437,5,1,443,157,600
1472,312,128,440,3,0,443,157,600
1473,322,116,438,4,1,443,157,600
1474,321,134,455,5,1,461,139,600
1475,316,121,437,1,0,438,162,600
1476,303,113,416,3,0,419,181,600
1477,313,111,424,1,0,425,125,550
1478,263,115,378,8,0,386,139,525
1479,297,140,437,1,0,438,162,600
1480,294,138,432,2,2,436,164,600
1481,303,140,443,3,0,446,154,600
1482,284,134,418,4,1,423,177,600
1483,283,135,418,4,2,424,176,600
1484,291,137,428,8,0,436,164,600
1485,288,147,435,1,0,436,164,600
1486,239,128,367,2,0,369,131,500
1487,250,134,384,2,1,387,113,500
1488,250,118,368,4,0,372,128,500
1489,274,124,398,3,0,401,141,542
1490,213,187,400,0,1,401,199,600
1491,220,145,365,5,0,370,230,600
1492,225,153,378,6,0,384,216,600
1493,222,164,386,1,0,387,213,600
1494,213,154,367,3,1,371,229,600
1495,210,150,360,5,1,366,234,600
1496,218,179,397,2,0,399,201,600
1497,217,156,373,3,0,376,224,600
1498,228,135,363,3,0,366,234,600
1499,211,165,376,4,0,380,220,600
1500,205,128,333,4,0,337,163,500
1501,178,126,304,1,0,305,195,500
1502,197,141,338,3,0,341,183,524
1503,313,107,420,1,2,423,177,600
1504,312,127,439,4,0,443,157,600
1505,318,107,425,4,2,431,169,600
1506,359,110,469,3,2,474,126,600
1507,296,129,425,4,0,429,171,600
1508,329,130,459,3,1,463,137,600
1509,311,143,454,3,1,458,142,600
1510,346,115,461,5,2,468,132,600
1511,320,117,437,4,1,442,158,600
1512,316,134,450,9,0,459,141,600
1513,320,117,437,3,6,446,154,600
1514,260,104,364,7,1,372,128,500
1515,271,92,363,3,2,368,132,500
1516,232,116,348,4,1,353,147,500
1517,292,109,401,1,1,403,127,530
1518,151,212,363,8,1,372,228,600
1519,151,209,360,2,2,364,236,600
1520,141,222,363,4,0,367,233,600
1521,129,236,365,1,1,367,233,600
1522,130,214,344,2,0,346,254,600
1523,154,210,364,0,0,364,236,600
1524,130,228,358,2,1,361,239,600
1525,130,238,368,1,1,370,230,600
1526,147,229,376,3,0,379,221,600
1527,145,243,388,3,2,393,207,600
1528,150,210,360,4,0,364,236,600
1529,121,181,302,5,1,308,192,500
1530,165,173,338,1,0,339,201,540
1531,227,183,410,1,1,412,188,600
1532,273,169,442,7,0,449,151,600
1533,244,177,421,3,0,424,176,600
1534,255,172,427,5,1,433,167,600
1535,246,179,425,5,2,432,168,600
1536,262,166,428,1,0,429,171,600
1537,224,149,373,2,2,377,147,524
1538,297,152,449,2,2,453,147,600
1539,296,128,424,4,0,428,172,600
1540,254,183,437,3,2,442,158,600
1541,267,178,445,3,1,449,151,600
1542,265,157,422,2,0,424,176,600
1543,277,156,433,3,0,436,164,600
1544,303,149,452,1,0,453,147,600
1545,278,171,449,3,0,452,148,600
1546,255,123,378,3,0,381,119,500
1547,240,118,358,6,3,367,133,500
1548,252,115,367,4,1,372,158,530
1549,339,116,455,3,2,460,140,600
1550,335,111,446,1,2,449,151,600
1551,314,137,451,2,0,453,147,600
1552,326,131,457,2,2,461,139,600
1553,346,115,461,2,1,464,136,600
1554,320,126,446,2,1,449,151,600
1555,359,121,480,1,0,481,119,600
1556,342,119,461,2,1,464,136,600
1557,331,119,450,2,0,452,148,600
1558,336,121,457,8,0,465,135,600
1559,334,116,450,4,1,455,145,600
1560,333,114,447,3,1,451,149,600
1561,327,133,460,1,1,462,138,600
1562,305,145,450,7,1,458,142,600
1563,321,131,452,5,1,458,142,600
1564,316,149,465,9,0,474,126,600
1565,319,135,454,4,1,459,141,600
1566,308,117,425,3,1,429,171,600
1567,314,119,433,2,0,435,165,600
1568,312,123,435,7,1,443,157,600
1569,325,117,442,5,0,447,153,600
1570,343,129,472,3,2,477,123,600
1571,325,139,464,5,0,469,131,600
1572,316,125,441,4,1,446,154,600
1573,331,105,436,4,2,442,158,600
1574,285,150,435,4,0,439,161,600
1575,338,128,466,3,0,469,131,600
1576,326,135,461,1,0,462,138,600
1577,307,133,440,6,0,446,154,600
1578,311,131,442,9,0,451,149,600
1579,338,115,453,5,0,458,142,600
1580,333,113,446,5,0,451,149,600
1581,338,102,440,6,1,447,153,600
1582,316,104,420,3,0,423,177,600
1583,299,114,413,5,1,419,131,550
1584,291,115,406,4,1,411,89,500
1585,282,90,372,5,2,379,121,500
1586,289,98,387,4,0,391,147,538
1587,7,5,12,1,1,14,11,25
1588,271,182,453,2,1,456,144,600
1589,267,190,457,5,1,463,137,600
1590,259,174,433,1,1,435,165,600
1591,255,190,445,6,1,452,148,600
1592,287,175,462,1,1,464,136,600
1593,234,134,368,3,0,371,127,498
1594,300,145,445,0,0,445,155,600
1595,261,150,411,6,1,418,182,600
1596,285,128,413,8,1,422,178,600
1597,274,168,442,5,1,448,136,584
1598,193,156,349,2,0,351,149,500
1599,199,167,366,1,1,368,132,500
1600,202,161,363,5,0,368,132,500
1601,198,115,313,5,1,319,121,440
1602,314,154,468,6,0,474,126,600
1603,254,167,421,3,1,425,175,600
1604,258,166,424,2,2,428,172,600
1605,264,169,433,2,0,435,165,600
1606,275,160,435,9,1,445,155,600
1607,276,149,425,4,3,432,168,600
1608,261,149,410,2,1,413,187,600
1609,276,167,443,1,0,444,156,600
1610,265,165,430,4,1,435,165,600
1611,257,171,428,3,0,431,169,600
1612,273,161,434,4,0,438,162,600
1613,244,162,406,6,0,412,188,600
1614,291,154,445,5,1,451,149,600
1615,270,147,417,2,0,419,181,600
1616,282,168,450,1,1,452,148,600
1617,271,153,424,4,0,428,172,600
1618,298,155,453,4,0,457,143,600
1619,233,121,354,5,0,359,138,497
1620,203,211,414,0,1,415,185,600
1621,174,189,363,0,0,363,137,500
1622,180,189,369,2,0,371,129,500
1623,183,172,355,0,0,355,145,500
1624,198,194,392,2,1,395,155,550
1625,177,200,377,5,0,382,145,527
1626,285,100,385,8,1,394,206,600
1627,306,108,414,4,0,418,182,600
1628,337,99,436,6,2,444,156,600
1629,317,91,408,8,0,416,184,600
1630,297,124,421,2,1,424,176,600
1631,302,112,414,7,2,423,177,600
1632,271,122,393,7,2,402,198,600
1633,305,93,398,5,2,405,195,600
1634,313,105,418,5,0,423,177,600
1635,321,95,416,5,1,422,178,600
1636,320,110,430,3,2,435,165,600
1637,319,93,412,4,1,417,183,600
1638,333,89,422,4,0,426,174,600
1639,300,119,419,7,1,427,173,600
1640,304,124,428,7,2,437,163,600
1641,271,101,372,3,0,375,169,544
1642,319,121,440,6,0,446,154,600
1643,325,117,442,1,1,444,156,600
1644,327,103,430,4,2,436,164,600
1645,320,119,439,3,1,443,157,600
1646,345,115,460,1,0,461,139,600
1647,328,111,439,5,1,445,155,600
1648,348,105,453,1,2,456,144,600
1649,342,116,458,4,1,463,137,600
1650,329,129,458,1,2,461,139,600
1651,298,116,414,2,0,416,184,600
1652,335,110,445,3,0,448,152,600
1653,357,104,461,7,0,468,132,600
1654,320,111,431,4,0,435,165,600
1655,318,123,441,2,0,443,157,600
1656,279,114,393,2,0,395,105,500
1657,260,114,374,1,0,375,125,500
1658,284,81,365,2,1,368,132,500
1659,268,104,372,3,1,376,124,500
1660,298,89,387,3,0,390,110,500
1661,307,86,393,2,0,395,156,551
1662,32,13,45,2,1,48,30,78
1663,360,111,471,3,1,475,125,600
1664,364,116,480,3,0,483,117,600
1665,340,124,464,6,0,470,130,600
1666,368,106,474,4,2,480,120,600
1667,319,118,437,5,0,442,158,600
1668,335,125,460,4,1,465,135,600
1669,354,114,468,2,0,470,130,600
1670,338,116,454,7,1,462,138,600
1671,347,117,464,2,1,467,133,600
1672,293,92,385,2,3,390,110,500
1673,295,94,389,3,0,392,108,500
1674,286,99,385,1,1,387,113,500
1675,271,114,385,2,0,387,113,500
1676,307,107,414,7,0,421,129,550
1677,275,98,373,5,0,378,135,513
1678,361,111,472,6,0,478,122,600
1679,336,112,448,2,1,451,149,600
1680,346,126,472,1,1,474,126,600
1681,331,138,469,7,0,476,124,600
1682,336,124,460,6,0,466,134,600
1683,322,101,423,4,0,427,122,549
1684,337,108,445,1,1,447,153,600
1685,363,100,463,4,0,467,133,600
1686,289,79,368,1,1,370,130,500
1687,292,93,385,4,1,390,110,500
1688,311,101,412,6,2,420,117,537
1689,310,161,471,3,1,475,125,600
1690,289,136,425,5,1,431,169,600
1691,304,132,436,5,1,442,158,600
1692,310,141,451,2,3,456,144,600
1693,316,129,445,1,0,446,154,600
1694,286,133,419,4,3,426,174,600
1695,288,117,405,1,1,407,193,600
1696,263,159,422,5,1,428,172,600
1697,295,131,426,2,0,428,172,600
1698,279,152,431,2,1,434,166,600
1699,304,102,406,5,0,411,158,569
1700,161,100,261,2,1,264,186,450
1701,200,90,290,0,1,291,159,450
1702,155,72,227,2,0,229,173,402
1703,286,75,361,3,0,364,152,516
1704,190,82,272,1,0,273,150,423
1705,166,91,257,3,0,260,271,531
1706,68,12,80,0,2,82,36,118
1707,48,3,51,0,0,51,30,81
1708,87,24,111,1,0,112,103,215
1709,24,18,42,3,0,45,32,77
1710,76,56,132,2,1,135,130,265
1711,58,18,76,0,2,78,35,113
1712,41,55,96,1,0,97,90,187
1713,194,78,272,0,0,272,140,412
1714,108,78,186,4,0,190,90,280
1715,38,13,51,0,0,51,22,73
1716,293,88,381,1,1,383,217,600
1717,347,72,419,5,1,425,175,600
1718,353,77,430,5,0,435,165,600
1719,283,59,342,1,0,343,157,500
1720,258,68,326,4,2,332,168,500
1721,293,42,335,3,4,342,158,500
1722,346,54,400,1,1,402,118,520
1723,22,6,28,0,0,28,31,59
1724,143,43,186,3,0,189,120,309
1725,267,64,331,4,3,338,193,531
1726,88,27,115,0,1,116,88,204
1727,193,30,223,2,2,227,83,310
1728,113,34,147,2,1,150,62,212
1729,67,29,96,0,0,96,25,121
1730,333,110,443,5,2,450,150,600
1731,271,163,434,4,0,438,162,600
1732,312,121,433,4,0,437,163,600
1733,306,124,430,5,1,436,164,600
1734,303,146,449,3,0,452,148,600
1735,302,135,437,5,1,443,157,600
1736,302,129,431,5,0,436,164,600
1737,282,136,418,5,0,423,177,600
1738,292,129,421,4,1,426,174,600
1739,309,135,444,0,1,445,155,600
1740,251,124,375,4,1,380,220,600
1741,291,150,441,3,0,444,156,600
1742,308,125,433,3,0,436,164,600
1743,255,148,403,4,1,408,192,600
1744,294,137,431,4,0,435,165,600
1745,324,116,440,2,2,444,156,600
1746,315,125,440,3,2,445,155,600
1747,281,146,427,5,1,433,167,600
1748,236,123,359,3,1,363,137,500
1749,261,107,368,3,0,371,145,516
1750,361,105,466,4,0,470,130,600
1751,335,135,470,4,0,474,126,600
1752,345,115,460,3,0,463,137,600
1753,277,103,380,3,1,384,116,500
1754,283,87,370,4,1,375,125,500
1755,309,98,407,0,1,408,92,500
1756,231,96,327,1,1,329,123,452
1757,301,142,443,5,1,449,151,600
1758,313,151,464,5,3,472,128,600
1759,243,126,369,9,1,379,121,500
1760,232,148,380,3,0,383,117,500
1761,267,113,380,4,2,386,114,500
1762,253,112,365,4,3,372,128,500
1763,248,128,376,3,0,379,114,493
1764,301,132,433,4,0,437,163,600
1765,286,132,418,4,0,422,178,600
1766,308,122,430,2,0,432,168,600
1767,298,135,433,4,0,437,163,600
1768,290,142,432,8,0,440,160,600
1769,338,111,449,8,0,457,143,600
1770,242,104,346,5,3,354,146,500
1771,254,120,374,4,1,379,121,500
1772,287,99,386,4,2,392,154,546
1773,20,5,25,0,0,25,19,44
1774,304,145,449,3,2,454,146,600
1775,287,145,432,9,0,441,159,600
1776,274,154,428,7,1,436,164,600
1777,280,162,442,5,1,448,152,600
1778,264,158,422,9,1,432,168,600
1779,256,147,403,2,1,406,194,600
1780,261,163,424,2,0,426,174,600
1781,259,168,427,2,0,429,171,600
1782,286,153,439,4,1,444,156,600
1783,253,158,411,4,1,416,184,600
1784,284,151,435,5,1,441,159,600
1785,256,168,424,7,0,431,169,600
1786,281,152,433,6,1,440,160,600
1787,267,151,418,4,1,423,177,600
1788,250,168,418,1,0,419,131,550
1789,277,119,396,4,2,402,143,545
1790,280,187,467,13,0,480,120,600
1791,292,177,469,10,0,479,121,600
1792,286,169,455,9,5,469,131,600
1793,270,185,455,9,1,465,135,600
1794,290,164,454,3,0,457,143,600
1795,281,185,466,4,2,472,128,600
1796,276,162,438,3,3,444,119,563
1797,240,144,384,8,0,392,108,500
1798,273,140,413,3,0,416,184,600
1799,267,146,413,6,0,419,181,600
1800,276,136,412,6,1,419,181,600
1801,246,151,397,1,0,398,202,600
1802,274,138,412,3,0,415,185,600
1803,251,147,398,1,1,400,200,600
1804,257,145,402,5,2,409,141,550
1805,267,132,399,0,1,400,146,546
1806,135,236,371,3,1,375,225,600
1807,144,203,347,4,0,351,249,600
1808,141,205,346,5,1,352,248,600
1809,142,209,351,3,1,355,245,600
1810,141,197,338,2,1,341,259,600
1811,144,222,366,5,1,372,228,600
1812,112,182,294,3,0,297,203,500
1813,119,184,303,2,2,307,193,500
1814,107,180,287,3,0,290,210,500
1815,149,138,287,2,1,290,164,454
1816,266,128,394,3,0,397,203,600
1817,270,144,414,2,0,416,184,600
1818,258,131,389,0,0,389,211,600
1819,304,119,423,6,0,429,171,600
1820,231,132,363,2,3,368,232,600
1821,254,138,392,3,1,396,204,600
1822,260,134,394,9,1,404,196,600
1823,248,140,388,6,2,396,204,600
1824,251,131,382,3,0,385,215,600
1825,221,120,341,3,0,344,156,500
1826,241,111,352,1,0,353,147,500
1827,193,103,296,0,0,296,129,425
1828,190,91,281,2,1,284,140,424
1829,240,108,348,5,1,354,246,600
1830,240,117,357,3,3,363,262,625
1831,113,93,206,0,0,206,199,405
1832,79,164,243,3,0,246,104,350
1833,72,136,208,7,0,215,107,322
1834,290,133,423,4,1,428,172,600
1835,283,143,426,1,0,427,173,600
1836,265,104,369,3,1,373,132,505
1837,107,57,164,0,1,165,125,290
1838,235,128,363,5,1,369,163,532
1839,232,129,361,5,2,368,132,500
1840,233,65,298,5,1,304,136,440
1841,184,70,254,4,2,260,140,400
1842,69,31,100,1,0,101,72,173
1843,85,33,118,0,1,119,79,198
1844,54,40,94,2,0,96,77,173
1845,104,161,265,1,0,266,191,457
1846,88,174,262,3,0,265,185,450
1847,92,188,280,1,0,281,169,450
1848,223,105,328,1,2,331,169,500
1849,224,109,333,5,0,338,162,500
1850,209,99,308,5,0,313,165,478
1851,257,129,386,0,3,389,211,600
1852,211,150,361,3,4,368,182,550
1853,201,127,328,5,1,334,166,500
1854,186,129,315,3,1,319,181,500
1855,177,154,331,5,0,336,164,500
1856,194,138,332,2,0,334,166,500
1857,225,148,373,2,0,375,158,533
1858,215,134,349,2,0,351,216,567
1859,116,112,228,2,1,231,129,360
1860,125,99,224,4,1,229,121,350
1861,202,145,347,3,2,352,198,550
1862,183,149,332,9,2,343,157,500
1863,190,135,325,4,2,331,169,500
1864,189,156,345,4,4,353,147,500
1865,176,148,324,3,0,327,173,500
1866,218,135,353,5,1,359,154,513
1867,164,136,300,3,3,306,185,491
1868,49,124,173,1,1,175,79,254
1869,159,169,328,5,2,335,165,500
1870,141,169,310,4,1,315,174,489
1871,93,151,244,2,0,246,113,359
1872,78,119,197,0,0,197,103,300
1873,117,222,339,9,2,350,250,600
1874,110,240,350,2,2,354,246,600
1875,107,224,331,2,0,333,267,600
1876,108,249,357,6,0,363,248,611
1877,295,138,433,7,0,440,160,600
1878,281,134,415,5,3,423,177,600
1879,284,159,443,3,3,449,151,600
1880,289,112,401,11,1,413,187,600
1881,250,114,364,1,0,365,161,526
1882,261,142,403,5,1,409,191,600
1883,277,131,408,3,1,412,188,600
1884,257,129,386,5,0,391,177,568
1885,272,164,436,9,2,447,153,600
1886,225,123,348,6,0,354,146,500
1887,204,133,337,9,3,349,152,501
1888,230,179,409,2,0,411,189,600
1889,253,146,399,6,0,405,195,600
1890,245,152,397,4,0,401,199,600
1891,239,165,404,6,4,414,186,600
1892,232,150,382,4,1,387,203,590
1893,101,138,239,3,0,242,128,370
1894,86,140,226,3,2,231,148,379
1895,181,110,291,2,0,293,157,450
1896,180,85,265,5,0,270,130,400
1897,173,106,279,7,1,287,121,408
1898,275,129,404,2,2,408,179,587
1899,229,148,377,8,2,387,213,600
1900,150,143,293,4,2,299,201,500
1901,165,154,319,5,1,325,168,493
1902,110,87,197,8,3,208,142,350
1903,127,71,198,1,1,200,123,323
1904,58,39,97,1,2,100,45,145
1905,140,142,282,2,0,284,141,425
1906,159,88,247,4,2,253,136,389
1907,243,170,413,0,1,414,186,600
1908,233,155,388,1,0,389,211,600
1909,203,173,376,5,0,381,219,600
1910,250,145,395,3,4,402,198,600
1911,235,138,373,5,0,378,172,550
1912,232,139,371,3,1,375,178,553
1913,156,102,258,2,3,263,137,400
1914,115,107,222,5,4,231,146,377
1915,190,215,405,5,1,411,189,600
1916,191,208,399,4,1,404,196,600
1917,173,168,341,5,0,346,154,500
1918,198,159,357,5,0,362,164,526
1919,140,207,347,4,2,353,125,478
1920,111,259,370,6,5,381,201,582
1921,179,171,350,7,3,360,140,500
1922,159,172,331,3,0,334,124,458
1923,253,148,401,3,0,404,196,600
1924,265,145,410,4,0,414,186,600
1925,241,166,407,4,1,412,188,600
1926,251,139,390,4,2,396,204,600
1927,227,207,434,2,2,438,162,600
1928,200,174,374,2,2,378,172,550
1929,229,152,381,1,1,383,173,556
1930,245,164,409,6,1,416,184,600
1931,245,158,403,5,2,410,190,600
1932,227,168,395,2,2,399,201,600
1933,179,160,339,3,1,343,157,500
1934,199,137,336,5,1,342,158,500
1935,192,120,312,6,2,320,164,484
1936,185,211,396,4,4,404,196,600
1937,160,206,366,3,1,370,230,600
1938,185,208,393,2,0,395,205,600
1939,178,183,361,6,0,367,233,600
1940,171,188,359,2,1,362,238,600
1941,119,216,335,4,1,340,160,500
1942,147,169,316,6,0,322,178,500
1943,109,165,274,7,0,281,211,492
1944,43,51,94,2,0,96,186,282
1945,36,64,100,3,0,103,173,276
1946,55,83,138,0,1,139,198,337
1947,34,20,54,0,1,55,32,87
1948,153,187,340,7,1,348,262,610
1949,145,218,363,8,0,371,239,610
1950,134,193,327,4,1,332,280,612
1951,233,155,388,1,4,393,207,600
1952,233,190,423,4,1,428,172,600
1953,214,193,407,4,0,411,189,600
1954,167,162,329,2,2,333,167,500
1955,195,143,338,4,1,343,157,500
1956,150,136,286,0,1,287,170,457
1957,176,141,317,3,0,320,180,500
1958,195,133,328,1,2,331,173,504
1959,56,28,84,0,0,84,15,99
1960,185,103,288,0,1,289,161,450
1961,176,124,300,3,1,304,146,450
1962,191,105,296,1,2,299,132,431
1963,201,25,226,2,1,229,77,306
1964,213,57,270,2,0,272,128,400
1965,176,73,249,7,1,257,170,427
1966,174,26,200,0,0,200,85,285
1967,110,48,158,2,0,160,71,231
1968,192,103,295,2,1,298,152,450
1969,162,108,270,0,1,271,157,428
1970,138,51,189,3,1,193,81,274
1971,98,46,144,1,0,145,89,234
1972,78,41,119,1,1,121,31,152
1973,49,5,54,1,0,55,33,88
1974,87,46,133,2,2,137,104,241
1975,128,34,162,2,2,166,82,248
1976,99,185,284,5,0,289,161,450
1977,97,179,276,1,0,277,173,450
1978,86,159,245,3,1,249,166,415
1979,155,155,310,3,2,315,276,591
1980,114,154,268,2,1,271,221,492
1981,139,138,277,1,2,280,178,458
1982,94,173,267,4,1,272,128,400
1983,59,153,212,1,1,214,138,352
1984,97,217,314,2,2,318,282,600
1985,80,258,338,5,0,343,241,584
1986,67,116,183,0,0,183,167,350
1987,56,94,150,1,0,151,163,314
1988,55,131,186,5,1,192,158,350
1989,36,137,173,2,1,176,160,336
1990,51,72,123,3,0,126,108,234
1991,91,134,225,1,2,228,122,350
1992,75,135,210,0,2,212,129,341
1993,105,158,263,8,1,272,178,450
1994,138,159,297,2,2,301,149,450
1995,123,183,306,3,0,309,135,444
1996,154,195,349,7,1,357,193,550
1997,126,216,342,11,0,353,193,546
1998,137,97,234,1,0,235,123,358
1999,87,49,136,0,0,136,75,211
2000,54,83,137,0,1,138,37,175
2001,105,192,297,4,0,301,150,451
2002,118,208,326,1,1,328,122,450
2003,92,164,256,2,0,258,166,424
2004,73,61,134,4,0,138,81,219
2005,126,138,264,1,0,265,130,395
2006,116,156,272,4,1,277,223,500
2007,119,124,243,4,1,248,202,450
2008,123,129,252,2,0,254,196,450
2009,199,127,326,8,9,343,213,556
2010,103,64,167,1,3,171,123,294
2011,13,39,52,0,0,52,46,98
2012,99,59,158,2,0,160,120,280
2013,110,167,277,4,1,282,218,500
2014,118,151,269,0,1,270,189,459
2015,75,75,150,1,0,151,67,218
2016,61,88,149,1,0,150,115,265
2017,26,43,69,0,0,69,57,126
2018,90,43,133,3,0,136,60,196
2019,113,263,376,4,0,380,220,600
2020,96,216,312,7,1,320,230,550
2021,61,194,255,7,2,264,236,500
2022,75,207,282,3,3,288,212,500
2023,95,212,307,1,2,310,211,521
2024,152,111,263,2,0,265,237,502
2025,69,129,198,4,1,203,147,350
2026,113,99,212,5,3,220,154,374
2027,171,191,362,2,1,365,235,600
2028,130,199,329,7,0,336,214,550
2029,120,195,315,3,4,322,200,522
2030,125,114,239,2,2,243,157,400
2031,118,121,239,1,1,241,158,399
2032,138,177,315,5,0,320,230,550
2033,124,184,308,6,2,316,237,553
2034,203,145,348,2,1,351,241,592
2035,89,64,153,0,1,154,193,347
2036,117,71,188,2,0,190,136,326
2037,108,77,185,2,0,187,139,326
2038,15,15,30,0,0,30,60,90
2039,108,81,189,1,1,191,114,305
2040,146,107,253,2,0,255,185,440
2041,125,133,258,0,0,258,182,440
2042,97,54,151,1,3,155,137,292
2043,38,51,89,0,0,89,45,134
2044,49,35,84,0,0,84,76,160
2045,137,136,273,2,0,275,221,496
2046,49,63,112,1,0,113,129,242
2047,45,80,125,0,0,125,70,195
2048,200,135,335,3,1,339,161,500
2049,158,133,291,4,1,296,204,500
2050,165,141,306,5,0,311,208,519
2051,51,31,82,1,0,83,78,161
2052,88,68,156,2,1,159,101,260
2053,89,76,165,0,0,165,84,249
2054,89,20,109,0,0,109,56,165
2055,114,76,190,0,2,192,124,316
2056,97,22,119,1,0,120,60,180
2057,61,64,125,1,0,126,91,217
2058,228,119,347,5,2,354,182,536
2059,50,21,71,0,0,71,22,93
2060,23,13,36,0,0,36,8,44
2061,75,92,167,5,1,173,134,307
2062,55,68,123,2,2,127,98,225
2063,131,103,234,2,0,236,142,378
2064,77,82,159,2,0,161,133,294
2065,120,132,252,7,0,259,216,475
2066,118,144,262,5,0,267,211,478
2067,318,96,414,1,3,418,182,600
2068,268,110,378,3,2,383,217,600
2069,276,74,350,2,0,352,198,550
2070,280,49,329,2,0,331,169,500
2071,264,65,329,3,0,332,189,521
2072,276,41,317,3,0,320,164,484
2073,160,85,245,1,0,246,124,370
2074,170,74,244,0,0,244,120,364
2075,143,36,179,0,0,179,87,266
2076,46,28,74,0,0,74,77,151
2077,191,43,234,1,1,236,114,350
2078,187,48,235,1,1,237,107,344
2079,170,44,214,2,2,218,134,352
2080,149,19,168,1,0,169,83,252
2081,25,42,67,0,1,68,33,101
2082,242,60,302,3,0,305,145,450
2083,218,49,267,0,0,267,146,413
2084,58,28,86,7,1,94,97,191
2085,97,37,134,0,1,135,31,166
2086,260,42,302,7,2,311,94,405
2087,243,45,288,6,2,296,111,407
2088,178,58,236,0,0,236,96,332
2089,80,31,111,0,0,111,49,160
2090,38,5,43,0,0,43,24,67
2091,316,71,387,1,0,388,152,540
2092,158,39,197,0,1,198,76,274
2093,298,134,432,2,1,435,165,600
2094,324,108,432,6,0,438,162,600
2095,307,113,420,3,0,423,177,600
2096,311,138,449,5,0,454,146,600
2097,271,135,406,4,0,410,190,600
2098,295,122,417,8,1,426,174,600
2099,282,120,402,4,0,406,194,600
2100,286,130,416,3,1,420,180,600
2101,296,125,421,6,3,430,170,600
2102,304,113,417,1,1,419,181,600
2103,265,110,375,5,4,384,166,550
2104,301,96,397,2,0,399,139,538
2105,302,142,444,1,0,445,155,600
2106,280,168,448,7,2,457,143,600
2107,263,153,416,2,0,418,182,600
2108,245,186,431,5,0,436,164,600
2109,287,144,431,8,1,440,160,600
2110,272,157,429,5,1,435,165,600
2111,296,135,431,2,0,433,167,600
2112,297,168,465,5,0,470,130,600
2113,262,157,419,2,0,421,179,600
2114,297,153,450,7,0,457,143,600
2115,278,150,428,1,0,429,171,600
2116,311,127,438,1,1,440,160,600
2117,271,121,392,5,0,397,103,500
2118,259,108,367,3,1,371,129,500
2119,256,114,370,3,1,374,126,500
2120,233,128,361,1,2,364,136,500
2121,284,106,390,2,0,392,131,523
2122,264,118,382,4,0,386,137,523
2123,276,149,425,1,3,429,171,600
2124,261,150,411,3,1,415,185,600
2125,253,155,408,1,2,411,189,600
2126,270,151,421,6,1,428,172,600
2127,229,178,407,7,0,414,186,600
2128,231,156,387,5,1,393,207,600
2129,262,173,435,6,1,442,158,600
2130,275,155,430,3,0,433,167,600
2131,246,153,399,4,1,404,196,600
2132,264,146,410,4,0,414,186,600
2133,240,168,408,4,0,412,188,600
2134,204,145,349,2,0,351,149,500
2135,215,136,351,3,0,354,146,500
2136,223,133,356,1,0,357,143,500
2137,247,159,406,0,0,406,144,550
2138,228,153,381,7,0,388,142,530
2139,206,192,398,4,0,402,198,600
2140,188,185,373,8,1,382,218,600
2141,193,171,364,4,1,369,231,600
2142,207,191,398,2,1,401,199,600
2143,200,169,369,3,1,373,227,600
2144,216,181,397,2,0,399,201,600
2145,230,165,395,3,0,398,202,600
2146,194,179,373,3,0,376,182,558
2147,49,13,62,1,3,66,107,173
2148,261,168,429,2,0,431,169,600
2149,237,122,359,2,0,361,139,500
2150,271,134,405,1,1,407,155,562
2151,308,136,444,2,2,448,152,600
2152,308,151,459,5,0,464,135,599
2153,282,120,402,7,2,411,133,544
2154,292,144,436,2,0,438,162,600
2155,269,144,413,2,0,415,185,600
2156,249,162,411,3,0,414,186,600
2157,265,149,414,1,0,415,185,600
2158,257,141,398,7,1,406,194,600
2159,263,143,406,1,0,407,193,600
2160,266,165,431,4,0,435,165,600
2161,297,117,414,5,0,419,181,600
2162,264,143,407,4,0,411,188,599
2163,217,195,412,5,0,417,183,600
2164,222,170,392,7,1,400,200,600
2165,218,167,385,4,0,389,211,600
2166,206,198,404,2,1,407,193,600
2167,215,166,381,3,1,385,215,600
2168,214,176,390,0,0,390,210,600
2169,217,186,403,3,0,406,194,600
2170,249,144,393,2,0,395,205,600
2171,208,167,375,3,0,378,222,600
2172,219,166,385,1,0,386,214,600
2173,200,166,366,3,0,369,231,600
2174,247,156,403,4,0,407,193,600
2175,216,170,386,1,0,387,213,600
2176,224,181,405,4,0,409,191,600
2177,175,138,313,7,0,320,180,500
2178,212,142,354,6,1,361,193,554
2179,264,158,422,4,0,426,174,600
2180,270,167,437,7,0,444,156,600
2181,205,190,395,2,0,397,203,600
2182,259,163,422,0,0,422,178,600
2183,257,171,428,3,2,433,167,600
2184,253,160,413,3,0,416,184,600
2185,211,135,346,1,0,347,153,500
2186,234,140,374,1,0,375,125,500
2187,236,112,348,1,0,349,151,500
2188,232,113,345,5,0,350,150,500
2189,207,160,367,3,1,371,129,500
2190,260,161,421,1,2,424,148,572
2191,149,161,310,4,0,314,186,500
2192,160,176,336,4,0,340,160,500
2193,119,209,328,4,1,333,228,561
2194,228,190,418,4,2,424,176,600
2195,251,172,423,6,0,429,171,600
2196,259,158,417,1,1,419,181,600
2197,235,184,419,4,0,423,177,600
2198,233,200,433,3,0,436,164,600
2199,193,160,353,6,1,360,140,500
2200,194,162,356,2,0,358,154,512
2201,281,142,423,7,3,433,167,600
2202,299,156,455,4,1,460,140,600
2203,281,135,416,7,0,423,177,600
2204,308,145,453,6,4,463,137,600
2205,242,189,431,1,3,435,165,600
2206,287,135,422,0,0,422,178,600
2207,242,166,408,2,0,410,190,600
2208,266,150,416,5,0,421,179,600
2209,267,161,428,3,2,433,167,600
2210,267,150,417,4,1,422,178,600
2211,274,154,428,3,1,432,168,600
2212,272,168,440,7,1,448,152,600
2213,271,159,430,5,1,436,164,600
2214,267,162,429,2,1,432,168,600
2215,274,147,421,5,3,429,171,600
2216,273,146,419,1,0,420,180,600
2217,260,169,429,4,0,433,167,600
2218,284,157,441,9,0,450,150,600
2219,246,142,388,8,1,397,153,550
2220,233,159,392,2,0,394,154,548
2221,295,124,419,3,0,422,178,600
2222,221,105,326,2,0,328,172,500
2223,248,92,340,4,1,345,155,500
2224,252,97,349,0,1,350,150,500
2225,240,107,347,0,0,347,155,502
2226,176,113,289,2,1,292,158,450
2227,212,84,296,1,0,297,150,447
2228,196,124,320,0,2,322,128,450
2229,207,124,331,5,0,336,114,450
2230,181,131,312,2,0,314,134,448
2231,270,168,438,1,0,439,161,600
2232,299,125,424,0,1,425,175,600
2233,227,123,350,2,1,353,147,500
2234,217,141,358,5,1,364,136,500
2235,201,109,310,4,0,314,134,448
2236,219,189,408,3,0,411,191,602
2237,241,195,436,1,0,437,163,600
2238,185,202,387,3,0,390,210,600
2239,232,167,399,1,0,400,200,600
2240,197,212,409,3,0,412,188,600
2241,196,240,436,0,1,437,163,600
2242,225,181,406,2,1,409,191,600
2243,204,183,387,2,0,389,211,600
2244,229,179,408,6,0,414,186,600
2246,224,196,420,2,0,422,178,600
2247,232,180,412,1,0,413,187,600
2248,191,214,405,1,1,407,193,600
2249,234,171,405,6,0,411,189,600
2250,194,195,389,1,0,390,170,560
2251,264,160,424,3,1,428,172,600
2252,239,161,400,5,0,405,195,600
2253,239,172,411,3,0,414,186,600
2254,207,193,400,4,1,405,195,600
2255,222,180,402,4,0,406,194,600
2256,254,163,417,2,2,421,179,600
2258,206,144,350,2,0,352,148,500
2259,201,148,349,1,0,350,175,525
2260,236,128,364,1,0,365,160,525
2261,228,158,386,2,2,390,139,529
2262,219,208,427,5,0,432,168,600
2263,169,220,389,4,1,394,206,600
2264,212,188,400,1,1,402,198,600
2265,164,200,364,4,1,369,231,600
2266,232,169,401,1,1,403,197,600
2267,224,174,398,2,0,400,200,600
2268,192,178,370,3,0,373,161,534
2269,299,128,427,2,0,429,171,600
2270,300,119,419,6,0,425,175,600
2271,248,165,413,2,0,415,185,600
2272,320,130,450,3,2,455,145,600
2273,202,145,347,0,0,347,153,500
2274,222,145,367,1,1,369,131,500
2275,244,117,361,3,0,364,136,500
2276,228,132,360,1,0,361,139,500
2277,267,119,386,1,1,388,161,549
2278,252,148,400,1,1,402,198,600
2279,196,133,329,1,0,330,170,500
2280,215,118,333,1,2,336,164,500
2281,189,149,338,4,1,343,171,514
2282,220,123,343,3,1,347,103,450
2283,222,120,342,4,1,347,103,450
2284,181,129,310,3,0,313,96,409
2285,273,168,441,1,0,442,158,600
2286,286,177,463,3,1,467,133,600
2287,259,154,413,2,0,415,128,543
2288,142,175,317,3,0,320,180,500
2289,134,200,334,6,0,340,160,500
2290,145,183,328,3,0,331,169,500
2291,153,192,345,5,0,350,200,550
2292,139,199,338,1,0,339,185,524
2293,179,233,412,0,1,413,187,600
2294,181,225,406,2,0,408,192,600
2295,182,209,391,6,2,399,201,600
2296,130,213,343,2,1,346,178,524
2297,227,122,349,2,1,352,148,500
2298,187,147,334,3,0,337,163,500
2299,168,157,325,3,0,328,172,500
2300,161,121,282,4,2,288,140,428
2301,272,147,419,5,0,424,176,600
2302,206,156,362,2,0,364,236,600
2303,217,107,324,3,0,327,173,500
2304,191,114,305,1,0,306,194,500
2305,218,107,325,1,0,326,174,500
2306,201,150,351,2,0,353,204,557
2307,129,193,322,3,0,325,175,500
2308,141,168,309,3,0,312,188,500
2309,95,182,277,1,2,280,158,438
2310,271,138,409,6,0,415,185,600
2311,256,158,414,8,0,422,178,600
2312,228,131,359,1,2,362,138,500
2313,270,135,405,5,1,411,146,557
2314,242,184,426,0,1,427,173,600
2315,224,173,397,1,0,398,152,550
2316,197,162,359,3,1,363,161,524
2317,140,60,200,2,0,202,112,314
2318,200,141,341,5,1,347,153,500
2319,178,181,359,3,3,365,147,512
2320,196,113,309,0,1,310,120,430
2321,165,132,297,2,0,299,131,430
2322,191,94,285,10,0,295,131,426
2323,201,147,348,1,0,349,151,500
2324,204,140,344,2,0,346,187,533
2325,154,150,304,6,4,314,186,500
2326,160,153,313,7,2,322,216,538
2327,126,137,263,2,1,266,134,400
2328,128,132,260,2,1,263,140,403
2329,117,173,290,1,0,291,109,400
2330,131,128,259,3,1,263,104,367
2331,207,185,392,2,0,394,175,569
2332,259,129,388,4,1,393,207,600
2333,279,148,427,2,1,430,170,600
2334,299,136,435,3,0,438,162,600
2335,262,138,400,4,0,404,196,600
2336,303,134,437,4,2,443,157,600
2337,270,136,406,5,1,412,188,600
2338,233,152,385,3,2,390,210,600
2339,279,144,423,1,0,424,176,600
2340,280,134,414,3,1,418,182,600
2341,288,146,434,2,0,436,164,600
2342,319,117,436,7,2,445,155,600
2343,284,132,416,1,0,417,166,583
2344,263,156,419,2,1,422,178,600
2345,264,155,419,11,1,431,169,600
2346,247,166,413,2,1,416,184,600
2347,245,171,416,3,0,419,181,600
2348,263,160,423,3,1,427,173,600
2349,257,145,402,2,1,405,195,600
2350,253,154,407,2,0,409,191,600
2351,248,174,422,1,0,423,177,600
2352,269,150,419,4,1,424,176,600
2353,240,159,399,3,1,403,197,600
2354,246,157,403,4,0,407,193,600
2355,304,149,453,3,0,456,144,600
2356,252,125,377,5,0,382,149,531
2357,239,134,373,1,1,375,156,531
2358,115,36,151,2,1,154,122,276
2359,25,18,43,1,1,45,287,332
2360,30,31,61,0,0,61,164,225
2361,43,26,69,2,0,71,388,459
2362,36,31,67,0,0,67,172,239
2363,60,33,93,0,0,93,234,327
2364,54,40,94,2,1,97,269,366
2365,36,41,77,0,0,77,376,453
2366,45,28,73,1,0,74,322,396
2367,32,25,57,0,2,59,68,127
2368,24,21,45,0,0,45,78,123
2369,14,11,25,0,0,25,94,119
2370,255,169,424,6,0,430,170,600
2371,236,177,413,6,5,424,176,600
2372,210,192,402,3,0,405,195,600
2373,278,152,430,4,0,434,166,600
2374,249,152,401,2,0,403,197,600
2375,221,136,357,1,1,359,141,500
2376,240,143,383,5,0,388,122,510
2377,224,139,363,1,2,366,143,509
2378,238,161,399,3,0,402,198,600
2379,239,132,371,5,1,377,223,600
2380,238,135,373,3,1,377,223,600
2381,264,111,375,3,0,378,161,539
2382,204,171,375,2,0,377,125,502
2383,190,191,381,4,2,387,115,502
2384,139,154,293,1,1,295,215,510
2385,153,147,300,2,0,302,205,507
2386,264,144,408,6,0,414,186,600
2387,299,141,440,5,0,445,155,600
2388,273,149,422,5,1,428,172,600
2389,252,183,435,2,1,438,162,600
2390,251,156,407,4,1,412,188,600
2391,241,162,403,3,1,407,193,600
2392,245,176,421,2,0,423,177,600
2393,239,167,406,2,1,409,191,600
2394,272,166,438,3,1,442,158,600
2395,240,183,423,3,0,426,174,600
2396,248,168,416,4,2,422,178,600
2397,261,129,390,4,0,394,206,600
2398,251,166,417,2,0,419,181,600
2399,270,162,432,2,1,435,165,600
2400,212,125,337,2,0,339,161,500
2401,214,119,333,3,0,336,164,500
2402,225,133,358,2,1,361,139,500
2403,233,127,360,3,0,363,172,535
2404,250,156,406,2,0,408,192,600
2405,266,173,439,6,0,445,155,600
2406,248,182,430,1,1,432,168,600
2407,238,158,396,2,0,398,202,600
2408,225,171,396,2,0,398,202,600
2409,222,189,411,3,0,414,186,600
2410,252,172,424,0,0,424,176,600
2411,203,129,332,6,0,338,162,500
2412,185,132,317,5,1,323,177,500
2413,202,138,340,3,1,344,156,500
2414,197,131,328,1,1,330,170,500
2415,211,125,336,3,0,339,161,500
2416,246,144,390,3,1,394,171,565
2417,236,139,375,1,0,376,224,600
2418,264,125,389,2,1,392,192,584
2419,241,193,434,3,2,439,161,600
2420,208,147,355,3,0,358,142,500
2421,179,166,345,1,3,349,151,500
2422,188,158,346,1,0,347,153,500
2423,185,152,337,1,1,339,161,500
2424,205,147,352,1,0,353,147,500
2425,202,185,387,2,0,389,180,569
2426,199,119,318,6,1,325,125,450
2427,205,111,316,1,0,317,149,466
2428,157,95,252,0,0,252,121,373
2429,132,94,226,0,1,227,146,373
2430,124,49,173,0,0,173,73,246
2431,301,147,448,5,1,454,146,600
2432,214,111,325,6,1,332,168,500
2433,217,160,377,4,0,381,119,500
2434,264,161,425,2,2,429,130,559
2435,212,198,410,3,0,413,187,600
2436,174,184,358,0,1,359,241,600
2437,187,163,350,3,0,353,247,600
2438,186,196,382,0,0,382,218,600
2439,157,170,327,2,0,329,171,500
2440,181,176,357,5,0,362,177,539
2441,234,131,365,2,0,367,233,600
2442,244,123,367,1,1,369,181,550
2443,232,125,357,4,1,362,188,550
2444,194,150,344,2,1,347,203,550
2445,206,140,346,3,1,350,210,560
2446,173,122,295,3,0,298,102,400
2447,172,128,300,0,0,300,100,400
2448,226,151,377,2,0,379,120,499
2449,259,136,395,2,2,399,201,600
2450,237,176,413,4,1,418,182,600
2451,277,132,409,1,2,412,188,600
2452,224,105,329,1,1,331,169,500
2453,187,139,326,4,2,332,168,500
2454,256,128,384,2,0,386,188,574
2455,223,130,353,3,3,359,141,500
2456,216,125,341,2,1,344,156,500
2457,253,124,377,1,0,378,164,542
2458,97,146,243,3,0,246,154,400
2459,107,96,203,3,2,208,143,351
2460,172,180,352,0,0,352,148,500
2461,187,152,339,2,1,342,132,474
2462,31,25,56,0,1,57,22,79
2463,18,48,66,1,0,67,35,102
2464,338,117,455,4,0,459,141,600
2465,358,115,473,0,0,473,127,600
2466,320,145,465,4,0,469,131,600
2467,365,107,472,4,3,479,121,600
2468,349,119,468,2,3,473,127,600
2469,345,109,454,4,0,458,142,600
2470,358,111,469,5,0,474,126,600
2471,341,117,458,2,0,460,140,600
2472,359,117,476,3,0,479,121,600
2474,347,111,458,5,1,464,136,600
2475,327,117,444,4,0,448,152,600
2476,361,103,464,2,0,466,134,600
2477,350,115,465,3,0,468,132,600
2478,346,102,448,5,1,454,146,600
2479,342,105,447,2,1,450,150,600
2480,342,105,447,3,0,450,150,600
2481,363,109,472,6,1,479,121,600
2482,346,100,446,7,0,453,147,600
2483,331,117,448,1,0,449,151,600
2484,305,99,404,7,0,411,139,550
2485,319,107,426,5,0,431,131,562
2486,330,113,443,3,0,446,154,600
2487,290,142,432,4,2,438,162,600
2488,289,79,368,4,0,372,128,500
2489,333,113,446,3,0,449,148,597
2490,214,73,287,3,1,291,121,412
2491,71,47,118,0,1,119,40,159
2492,177,67,244,4,1,249,72,321
2493,202,100,302,5,2,309,150,459
2494,335,116,451,5,0,456,144,600
2495,287,135,422,6,2,430,170,600
2496,296,132,428,4,2,434,166,600
2497,302,112,414,0,2,416,184,600
2498,281,117,398,6,0,404,196,600
2499,271,123,394,3,1,398,152,550
2500,319,103,422,1,0,423,127,550
2501,268,111,379,5,1,385,165,550
2502,323,87,410,6,2,418,132,550
2503,273,113,386,4,0,390,160,550
2504,281,96,377,6,1,384,143,527
2505,24,6,30,0,1,31,31,62
2506,218,123,341,1,4,346,154,500
2507,220,124,344,0,1,345,155,500
2521,165,87,252,1,0,253,122,375
2522,217,56,273,2,0,275,68,343
2523,206,48,254,2,1,257,86,343
2524,222,65,287,5,1,293,107,400
2525,213,58,271,3,1,275,125,400
2526,276,76,352,0,0,352,121,473
2527,91,29,120,1,0,121,53,174
2528,126,20,146,1,0,147,53,200
2529,184,103,287,4,1,292,111,403
2530,172,102,274,3,0,277,126,403
2531,43,47,90,2,0,92,20,112
2532,64,27,91,0,0,91,46,137
2533,289,49,338,3,1,342,127,469
2534,343,113,456,2,0,458,142,600
2535,296,136,432,7,0,439,161,600
2536,302,138,440,4,1,445,155,600
2537,247,117,364,0,0,364,136,500
2538,281,114,395,4,0,399,178,577
2539,291,92,383,11,1,395,166,561
2540,237,157,394,3,1,398,202,600
2541,173,150,323,4,0,327,173,500
2542,242,121,363,6,2,371,129,500
2543,179,87,266,1,3,270,146,416
2544,227,109,336,3,0,339,139,478
2545,244,91,335,4,0,339,161,500
2546,264,89,353,3,0,356,144,500
2547,285,93,378,2,1,381,119,500
2548,268,67,335,2,2,339,117,456
2549,240,127,367,1,1,369,201,570
2550,242,133,375,2,1,378,192,570
2551,304,75,379,4,2,385,144,529
2552,286,69,355,6,0,361,168,529
2553,220,92,312,1,1,314,106,420
2554,233,106,339,5,1,345,155,500
2555,218,108,326,2,1,329,171,500
2556,204,104,308,3,1,312,138,450
2557,199,100,299,2,1,302,106,408
2558,305,118,423,5,0,428,172,600
2559,259,168,427,4,0,431,169,600
2560,233,120,353,3,0,356,144,500
2561,245,114,359,2,1,362,138,500
2562,255,106,361,3,0,364,136,500
2563,211,116,327,2,1,330,149,479
2564,193,81,274,1,3,278,122,400
2565,177,109,286,3,0,289,114,403
2566,204,100,304,4,1,309,161,470
2567,235,100,335,4,1,340,130,470
2568,207,116,323,5,0,328,134,462
2569,166,90,256,0,0,256,90,346
2570,275,123,398,4,2,404,196,600
2571,280,136,416,3,1,420,180,600
2572,286,131,417,2,1,420,194,614
2573,47,38,85,0,0,85,68,153
2574,26,38,64,1,0,65,31,96
2575,8,11,19,0,0,19,22,41
2576,177,221,398,1,1,400,220,620
2577,214,199,413,4,3,420,200,620
2578,183,150,333,4,0,337,163,500
2579,138,167,305,5,2,312,188,500
2580,154,157,311,8,0,319,181,500
2581,162,148,310,10,1,321,155,476
2582,270,155,425,6,0,431,195,626
2583,85,111,196,5,0,201,133,334
2584,76,129,205,5,0,210,124,334
2585,61,85,146,1,0,147,65,212
2586,150,276,426,5,1,432,199,631
2587,11,12,23,1,0,24,25,49
2588,163,132,295,4,0,299,151,450
2589,103,134,237,4,1,242,208,450
2590,122,112,234,3,6,243,187,430
2591,133,194,327,7,4,338,119,457
2592,142,202,344,4,0,348,152,500
2593,156,211,367,5,2,374,162,536
2594,349,117,466,2,2,470,130,600
2595,302,153,455,3,2,460,140,600
2596,288,157,445,4,0,449,151,600
2597,298,158,456,6,1,463,137,600
2598,266,166,432,4,2,438,162,600
2599,318,146,464,3,0,467,133,600
2600,308,132,440,4,1,445,155,600
2601,322,126,448,6,1,455,145,600
2602,302,141,443,5,1,449,151,600
2603,307,158,465,2,1,468,132,600
2604,265,162,427,6,0,433,167,600
2605,286,146,432,5,3,440,160,600
2606,292,163,455,4,1,460,140,600
2607,284,148,432,2,3,437,163,600
2608,286,149,435,6,1,442,158,600
2609,308,158,466,1,0,467,133,600
2610,273,165,438,5,2,445,155,600
2611,236,146,382,3,0,385,115,500
2612,250,117,367,4,1,372,128,500
2613,258,151,409,4,3,416,144,560
2614,237,177,414,4,0,418,182,600
2615,229,190,419,4,3,426,174,600
2616,192,192,384,6,2,392,208,600
2617,265,174,439,6,0,445,134,579
2618,80,150,230,1,0,231,119,350
2619,99,151,250,4,0,254,141,395
2620,224,232,456,4,0,460,140,600
2621,216,194,410,6,0,416,134,550
2622,235,209,444,2,0,446,133,579
2623,283,169,452,5,2,459,172,631
2624,149,104,253,4,3,260,90,350
2625,173,117,290,0,0,290,77,367
2626,254,86,340,2,0,342,96,438
2627,242,96,338,1,1,340,98,438
2641,279,177,456,6,0,462,138,600
2642,303,160,463,6,2,471,129,600
2643,308,167,475,2,0,477,123,600
2644,276,183,459,3,0,462,138,600
2645,264,133,397,9,3,409,91,500
2647,262,136,398,1,1,400,114,514
2648,296,162,458,9,2,469,109,578
2649,332,133,465,5,3,473,127,600
2650,310,158,468,7,1,476,124,600
2653,225,107,332,0,2,334,116,450
2654,230,145,375,2,0,377,99,476
2657,171,101,272,9,1,282,80,362
2658,24,21,45,0,0,45,45,90
2659,224,162,386,6,0,392,158,550
2245,243,190,433,3,0,436,164,600
2257,217,113,330,2,0,332,160,492
2473,356,95,451,4,1,456,144,600
2508,227,115,342,5,0,347,153,500
2509,214,113,327,3,1,331,169,500
2510,250,95,345,2,1,348,152,500
2511,257,136,393,1,1,395,185,580
2512,231,87,318,5,4,327,173,500
2513,301,97,398,7,1,406,181,587
2514,170,43,213,3,1,217,68,285
2515,252,155,407,6,1,414,186,600
2516,245,178,423,4,2,429,171,600
2517,287,143,430,5,1,436,164,600
2518,299,144,443,2,1,446,154,600
2519,287,166,453,6,2,461,169,630
2520,146,96,242,1,1,244,106,350
2628,210,121,331,1,0,332,106,438
2629,324,169,493,4,3,500,117,617
2630,306,148,454,9,0,463,154,617
2631,344,155,499,2,1,502,113,615
2632,262,144,406,4,1,411,139,550
2633,270,149,419,2,2,423,127,550
2634,309,115,424,3,0,427,114,541
2635,227,100,327,3,1,331,89,420
2636,154,106,260,4,0,264,156,420
2637,208,96,304,2,0,306,115,421
2638,274,133,407,7,4,418,107,525
2639,271,165,436,6,2,444,169,613
2640,388,141,529,5,1,535,105,640
2646,285,106,391,2,0,393,107,500
2651,253,125,378,3,0,381,119,500
2652,282,132,414,1,0,415,137,552
2655,159,46,205,1,1,207,42,249
2656,201,119,320,2,0,322,78,400
2660,211,145,356,1,2,359,141,500
2661,237,130,367,4,0,371,129,500
2662,240,130,370,2,2,374,126,500
2663,240,101,341,0,1,342,149,491
2664,248,139,387,3,0,390,160,550
2665,239,162,401,4,1,406,156,562
2666,236,123,359,6,2,367,133,500
2667,215,87,302,8,1,311,139,450
2668,218,115,333,3,0,336,114,450
2669,226,128,354,2,1,357,132,489
2670,74,65,139,3,2,144,81,225
2671,218,186,404,7,2,413,186,599
2672,221,175,396,7,0,403,197,600
2673,186,172,358,4,2,364,195,559
2674,101,68,169,2,0,171,202,373
2675,151,126,277,2,0,279,220,499
2676,41,32,73,0,0,73,38,111
2677,120,130,250,3,0,253,247,500
2678,69,122,191,3,0,194,206,400
2679,96,101,197,0,0,197,220,417
2680,82,123,205,1,1,207,193,400
2681,93,112,205,0,0,205,157,362
2682,76,133,209,2,0,211,167,378
2683,15,32,47,0,0,47,54,101
2684,71,61,132,2,1,135,95,230
2685,14,14,28,0,1,29,6,35
2686,248,203,451,2,1,454,146,600
2687,241,200,441,4,0,445,155,600
2688,204,178,382,3,0,385,146,531
2689,282,171,453,1,0,454,146,600
2690,274,175,449,5,0,454,179,633
2691,207,147,354,4,0,358,142,500
2692,175,175,350,4,0,354,146,500
2693,156,183,339,3,4,346,154,500
2694,139,172,311,2,2,315,103,418
2695,199,150,349,0,2,351,112,463
2696,185,109,294,3,0,297,103,400
2697,211,97,308,1,2,311,89,400
2698,101,106,207,1,1,209,126,335
2699,189,234,423,4,0,427,199,626
2700,185,248,433,1,1,435,191,626
2701,268,113,381,3,0,384,116,500
2702,232,142,374,2,3,379,121,500
2703,250,117,367,4,2,373,127,500
2704,251,104,355,3,0,358,142,500
2705,238,131,369,3,0,372,153,525
2706,209,136,345,1,1,347,153,500
2707,187,142,329,2,1,332,168,500
2708,182,139,321,1,0,322,142,464
2709,160,100,260,1,0,261,89,350
2710,151,109,260,2,0,262,88,350
2711,169,91,260,2,0,262,88,350
2712,173,88,261,0,1,262,101,363
2713,90,72,162,1,1,164,80,244
2714,235,110,345,4,1,350,150,500
2715,217,99,316,3,0,319,181,500
2716,249,121,370,3,0,373,200,573
2717,261,86,347,1,1,349,162,511
2718,27,26,53,2,0,55,55,110
2719,32,9,41,0,0,41,26,67
2720,220,60,280,1,3,284,154,438
2721,65,14,79,1,0,80,59,139
2722,163,101,264,2,0,266,134,400
2723,159,100,259,2,0,261,138,399
2724,273,145,418,2,0,420,180,600
2725,149,91,240,2,0,242,123,365
2726,354,85,439,4,2,445,155,600
2727,340,112,452,2,0,454,146,600
2728,303,153,456,5,3,464,136,600
2729,324,133,457,2,1,460,140,600
2730,289,116,405,3,3,411,139,550
2731,276,139,415,1,1,417,133,550
2732,318,106,424,4,2,430,120,550
2733,270,134,404,2,1,407,147,554
2734,314,113,427,6,2,435,115,550
2735,332,101,433,7,0,440,110,550
2736,316,108,424,0,1,425,125,550
2737,318,101,419,0,3,422,112,534
2738,25,4,29,0,1,30,37,67
2739,291,85,376,1,0,377,123,500
2740,226,102,328,2,1,331,119,450
2741,276,61,337,2,3,342,108,450
2742,250,80,330,2,1,333,122,455
2743,326,145,471,3,1,475,125,600
2744,252,131,383,5,0,388,122,510
2745,281,150,431,2,1,434,166,600
2746,327,123,450,4,0,454,146,600
2747,257,131,388,1,0,389,161,550
2748,252,112,364,5,0,369,149,518
2749,381,104,485,0,1,486,151,637
2750,227,95,322,3,0,325,125,450
2751,256,76,332,0,0,332,119,451
2752,162,89,251,1,1,253,82,335
2753,171,78,249,4,1,254,81,335
2754,245,125,370,2,2,374,156,530
2755,269,124,393,2,1,396,134,530
2756,235,143,378,2,1,381,149,530
2757,258,145,403,2,0,405,124,529
2758,285,170,455,3,0,458,185,643
2759,277,154,431,1,1,433,167,600
2760,243,177,420,2,0,422,197,619
2761,172,177,349,4,1,354,146,500
2762,165,157,322,4,0,326,174,500
2763,184,176,360,1,0,361,168,529
2764,233,101,334,3,3,340,182,522
2765,42,28,70,0,0,70,31,101
2766,298,128,426,4,2,432,168,600
2767,258,166,424,2,3,429,171,600
2768,273,147,420,3,0,423,177,600
2769,328,130,458,2,0,460,140,600
2770,279,145,424,3,3,430,170,600
2771,237,145,382,3,0,385,215,600
2772,265,163,428,3,1,432,168,600
2773,287,123,410,4,1,415,185,600
2774,276,149,425,0,1,426,174,600
2775,302,126,428,5,2,435,165,600
2776,256,111,367,1,1,369,131,500
2777,236,139,375,3,2,380,120,500
2778,235,139,374,3,0,377,123,500
2779,301,134,435,1,1,437,156,593
2780,233,133,366,5,1,372,158,530
2781,259,117,376,0,2,378,152,530
2782,246,122,368,4,0,372,158,530
2783,266,105,371,1,0,372,168,540
2784,173,114,287,5,0,292,103,395
2785,147,129,276,4,1,281,114,395
2786,235,147,382,3,2,387,164,551
2787,227,165,392,4,0,396,155,551
2788,268,124,392,1,2,395,156,551
2789,20,4,24,1,0,25,31,56
2790,270,159,429,2,0,431,169,600
2791,243,171,414,1,3,418,182,600
2792,277,124,401,1,0,402,148,550
2793,189,151,340,2,1,343,188,531
2794,170,97,267,0,0,267,109,376
2795,310,130,440,6,1,447,153,600
2796,314,110,424,5,3,432,168,600
2797,178,107,285,3,0,288,84,372
2798,260,66,326,6,2,334,79,413
2799,139,42,181,2,0,183,87,270
2800,300,120,420,1,1,422,178,600
2801,238,165,403,3,1,407,193,600
2802,286,166,452,3,1,456,184,640
2803,247,111,358,3,2,363,124,487
2804,226,114,340,2,0,342,145,487
2805,253,116,369,5,3,377,147,524
2806,232,120,352,1,1,354,146,500
2807,215,112,327,2,0,329,171,500
2808,178,145,323,3,1,327,173,500
2809,256,136,392,2,0,394,137,531
2810,154,65,219,0,0,219,108,327
2811,254,90,344,3,0,347,108,455
2812,261,100,361,2,1,364,91,455
2813,234,125,359,1,2,362,138,500
2814,198,130,328,4,0,332,168,500
2815,228,116,344,4,1,349,128,477
2816,220,143,363,3,0,366,134,500
2817,175,162,337,4,0,341,159,500
2818,193,151,344,2,0,346,154,500
2819,219,145,364,6,1,371,129,500
2820,239,177,416,3,0,419,157,576
2821,66,26,92,0,0,92,34,126
2822,230,73,303,4,1,308,142,450
2823,241,68,309,3,1,313,87,400
2824,209,86,295,5,1,301,120,421
2825,260,100,360,7,2,369,131,500
2826,304,72,376,3,1,380,120,500
2827,283,91,374,3,2,379,124,503
2828,284,95,379,4,0,383,206,589
2829,347,120,467,2,1,470,130,600
2830,340,115,455,4,2,461,139,600
2831,351,134,485,4,1,490,110,600
2832,315,122,437,5,0,442,158,600
2833,338,104,442,1,1,444,156,600
2834,294,78,372,3,3,378,122,500
2835,296,100,396,2,0,398,102,500
2836,284,93,377,4,0,381,119,500
2837,309,91,400,5,2,407,106,513
2838,290,108,398,2,0,400,100,500
2839,266,101,367,7,0,374,126,500
2840,276,103,379,2,1,382,118,500
2841,279,92,371,6,0,377,123,500
2842,296,99,395,4,1,400,100,500
2843,332,99,431,5,1,437,163,600
2844,314,77,391,3,0,394,106,500
2845,273,93,366,1,1,368,132,500
2846,316,75,391,0,0,391,109,500
2847,298,94,392,1,0,393,107,500
2848,340,109,449,3,0,452,119,571
2849,242,120,362,3,0,365,135,500
2850,284,122,406,1,0,407,129,536
2851,224,121,345,5,0,350,106,456
2852,263,88,351,3,0,354,102,456
2853,316,135,451,3,0,454,146,600
2854,327,124,451,5,0,456,144,600
2855,314,128,442,4,1,447,153,600
2856,302,134,436,1,0,437,163,600
2857,319,132,451,9,2,462,138,600
2858,329,130,459,7,4,470,130,600
2859,346,113,459,2,1,462,138,600
2860,277,117,394,7,2,403,147,550
2861,298,114,412,2,0,414,125,539
2862,338,92,430,4,1,435,175,610
2863,308,122,430,6,0,436,174,610
2864,352,83,435,4,1,440,163,603
2865,224,114,338,3,1,342,158,500
2866,225,134,359,4,0,363,137,500
2867,260,129,389,2,1,392,182,574
2868,272,166,438,4,1,443,157,600
2869,262,170,432,1,0,433,167,600
2870,275,167,442,5,2,449,151,600
2871,290,157,447,3,0,450,150,600
2872,258,177,435,0,1,436,164,600
2873,266,131,397,1,0,398,152,550
2874,259,124,383,4,1,388,162,550
2875,266,131,397,3,0,400,162,562
2876,302,159,461,3,1,465,135,600
2877,322,119,441,5,1,447,153,600
2878,337,150,487,0,1,488,112,600
2879,323,133,456,3,0,459,141,600
2880,310,91,401,6,0,407,116,523
2881,30,12,42,2,1,45,25,70
2882,320,152,472,1,0,473,127,600
2883,352,108,460,2,0,462,138,600
2884,327,115,442,5,2,449,151,600
2885,318,124,442,0,0,442,158,600
2886,326,133,459,1,2,462,138,600
2887,310,128,438,5,1,444,156,600
2888,360,128,488,2,0,490,110,600
2889,362,97,459,3,1,463,137,600
2890,354,129,483,3,1,487,113,600
2891,340,119,459,2,0,461,139,600
2892,355,139,494,1,1,496,132,628
2893,149,87,236,2,3,241,109,350
2894,147,121,268,3,0,271,101,372
2895,16,7,23,0,1,24,18,42
2896,271,174,445,1,0,446,129,575
2897,239,166,405,3,0,408,167,575
2898,276,139,415,3,1,419,134,553
2899,161,103,264,0,0,264,91,355
2900,148,91,239,1,0,240,116,356
2901,331,133,464,2,4,470,105,575
2902,369,102,471,3,2,476,99,575
2903,310,125,435,3,0,438,112,550
2904,349,107,456,4,1,461,99,560
2905,387,109,496,7,1,504,116,620
2906,213,96,309,5,0,314,86,400
2907,189,128,317,2,0,319,111,430
2908,252,173,425,3,0,428,172,600
2909,201,190,391,2,0,393,207,600
2910,218,202,420,5,0,425,175,600
2911,227,186,413,4,0,417,183,600
2912,216,212,428,2,0,430,170,600
2913,182,147,329,6,0,335,165,500
2914,180,146,326,4,0,330,170,500
2915,220,144,364,4,1,369,164,533
2916,220,127,347,2,0,349,151,500
2917,204,145,349,2,1,352,148,500
2918,201,149,350,3,1,354,146,500
2919,257,137,394,6,2,402,156,558
2920,182,224,406,4,0,410,165,575
2921,173,204,377,4,1,382,193,575
2922,183,194,377,1,0,378,186,564
2923,233,150,383,1,0,384,216,600
2924,253,140,393,2,1,396,204,600
2925,253,126,379,1,0,380,220,600
2926,259,119,378,3,0,381,219,600
2927,243,140,383,2,2,387,213,600
2928,270,145,415,1,2,418,182,600
2929,272,134,406,2,0,408,192,600
2930,219,166,385,6,1,392,208,600
2931,246,132,378,2,1,381,219,600
2932,275,108,383,4,0,387,213,600
2933,245,115,360,0,0,360,190,550
2934,218,101,319,4,0,323,202,525
2935,178,115,293,1,0,294,162,456
2936,194,102,296,0,0,296,161,457
2937,15,3,18,0,3,21,6,27
2938,207,105,312,0,0,312,188,500
2939,212,109,321,2,0,323,177,500
2940,195,135,330,1,1,332,236,568
2941,203,100,303,1,0,304,151,455
2942,172,119,291,0,0,291,164,455
2943,156,97,253,5,0,258,242,500
2944,167,116,283,1,0,284,216,500
2945,169,100,269,1,1,271,229,500
2946,132,93,225,2,1,228,215,443
2947,111,138,249,3,0,252,348,600
2948,114,156,270,2,0,272,328,600
2949,95,158,253,2,0,255,299,554
2950,90,40,130,1,0,131,72,203
2951,92,81,173,1,1,175,132,307
2952,98,62,160,1,0,161,130,291
2953,108,208,316,0,2,318,285,603
2954,270,155,425,6,2,433,167,600
2955,254,176,430,8,0,438,162,600
2956,245,168,413,2,0,415,185,600
2957,254,158,412,5,1,418,182,600
2958,249,164,413,5,1,419,181,600
2959,237,180,417,7,3,427,173,600
2960,222,186,408,1,7,416,184,600
2961,283,141,424,3,1,428,172,600
2962,196,142,338,5,2,345,155,500
2963,239,122,361,2,2,365,135,500
2964,204,169,373,2,0,375,125,500
2965,205,157,362,4,0,366,134,500
2966,294,129,423,2,0,425,162,587
2967,168,113,281,7,1,289,151,440
2968,179,128,307,1,1,309,131,440
2969,279,144,423,4,3,430,170,600
2970,329,160,489,5,2,496,130,626
2971,149,53,202,0,1,203,49,252
2972,136,135,271,1,1,273,108,381
2973,125,145,270,1,0,271,110,381
2974,210,204,414,5,0,419,181,600
2975,177,201,378,8,1,387,213,600
2976,201,164,365,2,0,367,211,578
2977,205,150,355,3,0,358,97,455
2978,200,142,342,3,0,345,109,454
2979,206,220,426,3,1,430,170,600
2980,216,203,419,5,0,424,176,600
2981,179,205,384,6,1,391,209,600
2982,164,181,345,3,0,348,152,500
2983,155,204,359,2,0,361,139,500
2984,169,217,386,3,0,389,172,561
2985,31,27,58,0,0,58,56,114
2986,301,152,453,7,0,460,140,600
2987,257,174,431,1,0,432,168,600
2988,255,176,431,5,2,438,162,600
2989,261,171,432,3,0,435,165,600
2990,250,144,394,2,1,397,153,550
2991,259,149,408,3,1,412,138,550
2992,235,163,398,2,1,401,151,552
2993,96,189,285,4,1,290,160,450
2994,121,176,297,4,0,301,147,448
2995,263,182,445,2,0,447,153,600
2996,248,184,432,3,1,436,164,600
2997,222,198,420,5,1,426,174,600
2998,231,183,414,4,0,418,182,600
2999,219,190,409,2,0,411,189,600
3000,243,167,410,4,2,416,184,600
3001,207,158,365,7,1,373,127,500
3002,211,142,353,7,0,360,140,500
3003,214,132,346,0,0,346,154,500
3004,207,147,354,7,1,362,155,517
3005,17,20,37,0,4,41,27,68
3006,127,198,325,1,1,327,223,550
3007,113,216,329,4,0,333,182,515
3008,37,41,78,1,0,79,14,93
3009,224,147,371,1,0,372,128,500
3010,190,152,342,1,0,343,157,500
3011,194,171,365,6,1,372,128,500
3012,168,133,301,2,0,303,114,417
3013,317,146,463,7,2,472,128,600
3014,287,166,453,1,0,454,146,600
3015,258,146,404,2,1,407,143,550
3016,278,146,424,3,2,429,121,550
3017,231,156,387,2,1,390,117,507
3018,216,198,414,5,3,422,178,600
3019,194,200,394,1,1,396,204,600
3020,172,170,342,2,0,344,156,500
3021,170,169,339,4,0,343,157,500
3022,178,149,327,2,2,331,169,500
3023,205,199,404,1,2,407,161,568
3024,91,105,196,2,1,199,77,276
3025,128,192,320,2,0,322,178,500
3026,132,178,310,4,2,316,193,509
3027,208,209,417,3,2,422,178,600
3028,192,166,358,3,0,361,139,500
3029,168,145,313,3,2,318,182,500
3030,228,181,409,3,1,413,164,577
3031,120,246,366,2,0,368,182,550
3032,95,267,362,3,0,365,183,548
3033,174,211,385,6,1,392,158,550
3034,200,190,390,6,0,396,179,575
3035,52,55,107,0,0,107,53,160
3036,67,54,121,0,0,121,33,154
3037,120,158,278,2,3,283,134,417
3038,149,134,283,2,0,285,128,413
3039,121,114,235,3,2,240,133,373
3040,107,114,221,1,0,222,128,350
3041,87,102,189,2,0,191,108,299
3042,178,224,402,2,0,404,196,600
3043,190,239,429,2,0,431,169,600
3044,175,225,400,5,1,406,194,600
3045,163,232,395,7,1,403,197,600
3046,182,234,416,1,1,418,182,600
3047,155,220,375,4,0,379,221,600
3048,153,238,391,1,1,393,207,600
3049,167,207,374,4,1,379,221,600
3050,175,226,401,3,1,405,195,600
3051,202,210,412,6,1,419,181,600
3052,134,222,356,3,1,360,190,550
3053,160,208,368,3,1,372,178,550
3054,179,215,394,7,1,402,156,558
3055,137,234,371,7,0,378,222,600
3056,112,209,321,3,2,326,174,500
3057,138,214,352,4,1,357,164,521
3058,98,310,408,3,0,411,206,617
3059,146,298,444,5,2,451,201,652
3060,99,205,304,3,0,307,115,422
3061,64,335,399,2,1,402,233,635
3062,139,161,300,1,0,301,139,440
3063,116,162,278,0,1,279,161,440
3064,113,134,247,4,1,252,139,391
3065,47,169,216,3,1,220,135,355
3066,65,163,228,0,0,228,127,355
3067,113,157,270,5,2,277,153,430
3068,158,142,300,1,0,301,129,430
3069,229,194,423,2,4,429,171,600
3070,232,193,425,5,1,431,169,600
3071,192,145,337,0,1,338,162,500
3072,180,161,341,4,1,346,154,500
3073,190,169,359,1,1,361,139,500
3074,210,161,371,3,0,374,126,500
3075,214,142,356,4,1,361,160,521
3076,142,144,286,2,1,289,111,400
3077,153,135,288,1,5,294,103,397
3078,126,226,352,1,4,357,143,500
3079,132,232,364,5,1,370,101,471
3080,237,160,397,7,0,404,196,600
3081,183,185,368,6,1,375,225,600
3082,164,177,341,7,1,349,251,600
3083,183,169,352,11,0,363,237,600
3084,154,130,284,1,3,288,212,500
3085,145,152,297,4,0,301,199,500
3086,175,140,315,4,2,321,179,500
3087,164,149,313,2,0,315,185,500
3088,150,162,312,1,0,313,187,500
3089,226,154,380,4,2,386,195,581
3090,185,175,360,6,1,367,233,600
3091,203,172,375,4,3,382,240,622
3092,155,190,345,1,2,348,263,611
3093,74,143,217,0,0,217,98,315
3094,52,90,142,1,0,143,139,282
3095,146,141,287,4,1,292,158,450
3096,136,148,284,3,0,287,163,450
3097,162,139,301,0,0,301,135,436
3098,81,53,134,3,0,137,69,206
3099,177,209,386,2,2,390,210,600
3100,179,213,392,8,0,400,200,600
3101,171,229,400,0,0,400,200,600
3102,189,193,382,4,1,387,213,600
3103,165,231,396,2,1,399,201,600
3104,168,230,398,7,0,405,195,600
3105,206,177,383,1,0,384,216,600
3106,184,207,391,4,2,397,188,585
3107,202,195,397,6,0,403,172,575
3108,176,195,371,7,1,379,179,558
3109,51,49,100,1,0,101,21,122
3110,48,35,83,3,0,86,27,113
3111,187,174,361,1,2,364,236,600
3112,179,203,382,4,0,386,214,600
3113,184,192,376,4,1,381,219,600
3114,195,210,405,1,0,406,228,634
3115,123,203,326,3,1,330,170,500
3116,121,216,337,1,2,340,167,507
3117,204,181,385,5,0,390,160,550
3118,173,202,375,4,1,380,170,550
3119,174,139,313,7,1,321,135,456
3120,155,171,326,3,2,331,119,450
3121,160,170,330,2,0,332,119,451
3122,180,200,380,5,2,387,163,550
3123,189,200,389,4,2,395,155,550
3124,184,181,365,3,1,369,161,530
3125,42,63,105,2,0,107,26,133
3126,230,176,406,2,0,408,142,550
3127,188,176,364,4,0,368,149,517
3128,114,202,316,0,0,316,134,450
3129,135,178,313,6,1,320,130,450
3130,95,169,264,2,0,266,127,393
3131,114,128,242,2,2,246,119,365
3132,155,103,258,1,0,259,106,365
3133,42,71,113,0,0,113,142,255
3134,33,54,87,1,0,88,139,227
3135,109,168,277,6,0,283,102,385
3136,104,177,281,4,0,285,95,380
3137,73,122,195,3,0,198,157,355
3138,83,139,222,0,0,222,136,358
3139,141,108,249,3,1,253,126,379
3140,137,187,324,6,0,330,170,500
3141,117,194,311,2,0,313,187,500
3142,88,176,264,3,2,269,231,500
3143,115,225,340,3,1,344,222,566
3144,35,43,78,0,0,78,91,169
3145,105,66,171,0,5,176,75,251
3146,133,119,252,3,1,256,143,399
3147,18,106,124,0,1,125,103,228
3148,73,56,129,3,1,133,97,230
3149,133,183,316,3,1,320,309,629
3150,41,59,100,0,0,100,56,156
3151,92,189,281,2,0,283,155,438
3152,34,67,101,4,1,106,81,187
3153,16,75,91,0,0,91,63,154
3154,146,180,326,6,1,333,217,550
3155,170,176,346,0,2,348,152,500
3156,188,180,368,4,1,373,172,545
3157,17,31,48,0,1,49,30,79
3158,49,100,149,1,0,150,115,265
3159,47,46,93,1,0,94,60,154
3160,31,45,76,0,1,77,30,107
3161,143,154,297,1,0,298,199,497
3162,67,159,226,2,4,232,175,407
3163,71,68,139,1,0,140,158,298
3164,131,244,375,6,1,382,218,600
3165,123,225,348,4,1,353,247,600
3166,126,216,342,3,0,345,255,600
3167,120,243,363,4,0,367,233,600
3168,74,209,283,1,0,284,216,500
3169,128,189,317,7,1,325,175,500
3170,131,180,311,0,2,313,187,500
3171,113,212,325,4,3,332,225,557
3172,16,47,63,0,0,63,34,97
3173,70,74,144,2,1,147,101,248
3174,93,172,265,1,0,266,152,418
3175,28,89,117,2,0,119,56,175
3176,41,49,90,0,0,90,130,220
3177,43,51,94,0,0,94,100,194
3178,111,166,277,6,2,285,164,449
3179,44,64,108,0,0,108,151,259
3180,82,134,216,0,0,216,142,358
3181,24,34,58,0,1,59,35,94
3182,346,115,461,7,3,471,129,600
3183,323,119,442,5,6,453,147,600
3184,263,108,371,3,0,374,126,500
3185,264,103,367,7,1,375,125,500
3186,279,110,389,3,1,393,107,500
3187,309,87,396,5,0,401,99,500
3188,278,109,387,6,2,395,106,501
3189,17,11,28,0,0,28,23,51
3190,328,118,446,3,1,450,150,600
3191,323,90,413,3,0,416,145,561
3192,251,100,351,2,1,354,96,450
3193,297,106,403,0,1,404,73,477
3194,63,22,85,2,0,87,44,131
3195,158,72,230,3,3,236,80,316
3196,36,9,45,0,3,48,15,63
3197,284,97,381,2,1,384,142,526
3198,237,90,327,1,0,328,112,440
3199,146,59,205,6,0,211,73,284
3200,75,18,93,8,3,104,49,153
3201,251,88,339,2,4,345,134,479
3202,315,71,386,5,0,391,88,479
3203,196,64,260,2,0,262,83,345
3204,309,130,439,7,1,447,153,600
3205,266,160,426,4,2,432,168,600
3206,250,152,402,3,0,405,195,600
3207,248,181,429,5,0,434,166,600
3208,259,147,406,2,0,408,192,600
3209,247,168,415,3,1,419,181,600
3210,303,129,432,4,0,436,164,600
3211,256,143,399,1,0,400,200,600
3212,231,124,355,4,3,362,168,530
3213,43,44,87,1,0,88,60,148
3214,162,85,247,1,0,248,165,413
3215,170,85,255,1,0,256,144,400
3216,241,177,418,2,0,420,180,600
3217,272,127,399,3,0,402,198,600
3218,288,139,427,3,0,430,170,600
3219,216,135,351,2,1,354,196,550
3220,240,138,378,1,1,380,170,550
3221,222,157,379,3,2,384,166,550
3222,223,120,343,2,0,345,155,500
3223,206,157,363,2,1,366,182,548
3224,73,64,137,0,1,138,41,179
3225,213,137,350,5,0,355,145,500
3226,234,113,347,5,1,353,147,500
3227,199,134,333,4,0,337,139,476
3228,150,138,288,2,0,290,110,400
3229,125,127,252,2,0,254,119,373
3230,242,165,407,0,0,407,143,550
3231,253,135,388,5,0,393,111,504
3232,175,106,281,1,1,283,114,397
3233,119,193,312,3,1,316,284,600
3234,153,183,336,3,0,339,261,600
3235,149,175,324,1,1,326,274,600
3236,130,193,323,5,1,329,271,600
3237,144,185,329,3,1,333,267,600
3238,153,188,341,3,0,344,256,600
3239,134,140,274,1,1,276,224,500
3240,160,141,301,5,0,306,194,500
3241,143,160,303,3,1,307,196,503
3242,138,162,300,2,1,303,272,575
3243,108,216,324,3,0,327,248,575
3244,104,201,305,6,3,314,258,572
3245,68,198,266,1,0,267,121,388
3246,42,142,184,4,2,190,94,284
3247,87,138,225,1,0,226,211,437
3248,73,87,160,1,2,163,120,283
3249,105,138,243,2,0,245,155,400
3250,113,129,242,6,0,248,158,406
3251,56,56,112,1,0,113,64,177
3252,91,123,214,2,0,216,233,449
3253,52,68,120,1,0,121,76,197
3254,100,139,239,3,0,242,158,400
3255,108,104,212,2,0,214,156,370
3256,12,73,85,1,0,86,73,159
3257,81,149,230,5,0,235,138,373
3258,52,110,162,5,1,168,134,302
3259,61,88,149,3,3,155,118,273
3260,94,141,235,3,2,240,360,600
3261,76,92,168,0,0,168,332,500
3262,69,136,205,4,0,209,291,500
3263,69,112,181,1,0,182,318,500
3264,53,138,191,4,1,196,305,501
3265,46,124,170,0,1,171,229,400
3266,44,97,141,4,0,145,204,349
3267,26,44,70,1,0,71,47,118
3268,41,105,146,1,0,147,113,260
3269,43,109,152,1,0,153,130,283
3270,28,100,128,0,0,128,250,378
3271,168,233,401,3,2,406,194,600
3272,188,210,398,1,0,399,201,600
3273,182,223,405,5,2,412,188,600
3274,175,185,360,2,3,365,154,519
3275,57,78,135,1,0,136,77,213
3276,45,80,125,2,0,127,62,189
3277,55,55,110,0,1,111,75,186
3278,74,120,194,1,4,199,123,322
3279,66,88,154,6,0,160,190,350
3280,65,82,147,3,0,150,172,322
3281,146,162,308,1,0,309,209,518
3282,75,116,191,0,0,191,365,556
3283,129,201,330,4,3,337,161,498
3284,42,104,146,4,0,150,215,365
3285,51,86,137,1,0,138,212,350
3286,44,146,190,1,1,192,283,475
3287,62,76,138,1,0,139,137,276
3288,29,109,138,2,0,140,260,400
3289,83,114,197,2,0,199,201,400
3290,66,100,166,2,0,168,164,332
3291,85,112,197,4,0,201,199,400
3292,79,83,162,1,0,163,173,336
3293,67,67,134,1,2,137,157,294
3294,101,158,259,2,0,261,166,427
3295,120,149,269,3,2,274,226,500
3296,77,189,266,3,0,269,231,500
3297,101,159,260,4,0,264,236,500
3298,100,153,253,2,0,255,223,478
3299,10,16,26,0,0,26,28,54
3300,102,89,191,3,0,194,216,410
3301,85,93,178,4,0,182,87,269
3302,159,158,317,1,1,319,281,600
3303,164,145,309,2,1,312,288,600
3304,170,148,318,3,1,322,278,600
3305,140,112,252,2,2,256,244,500
3306,153,105,258,1,0,259,241,500
3307,143,165,308,0,0,308,267,575
3308,4,31,35,0,0,35,42,77
3309,60,91,151,3,1,155,219,374
3310,20,61,81,0,1,82,133,215
3311,13,26,39,1,0,40,95,135
3312,66,200,266,2,0,268,338,606
3313,101,169,270,5,0,275,325,600
3314,96,142,238,0,0,238,295,533
3315,35,109,144,0,0,144,183,327
3316,54,95,149,3,1,153,106,259
3317,97,115,212,0,1,213,132,345
3318,88,101,189,1,0,190,155,345
3319,60,147,207,6,0,213,157,370
3320,57,100,157,0,1,158,177,335
3321,56,96,152,2,0,154,184,338
3322,83,30,113,2,1,116,64,180
3323,42,70,112,1,0,113,100,213
3324,152,202,354,5,2,361,239,600
3325,124,199,323,2,3,328,272,600
3326,116,184,300,2,0,302,250,552
3327,14,49,63,0,0,63,52,115
3328,15,85,100,0,0,100,117,217
3329,60,96,156,0,1,157,137,294
3330,156,186,342,4,0,346,213,559
3331,97,125,222,3,0,225,202,427
3332,35,49,84,0,0,84,77,161
3333,117,208,325,6,0,331,269,600
3334,128,212,340,4,0,344,256,600
3335,112,192,304,5,1,310,290,600
3336,119,173,292,2,0,294,206,500
3337,112,181,293,2,0,295,205,500
3338,114,160,274,3,1,278,225,503
3339,36,30,66,1,0,67,68,135
3340,101,196,297,3,0,300,148,448
3341,94,94,188,5,2,195,136,331
3342,71,97,168,1,2,171,196,367
3343,39,180,219,2,0,221,104,325
3344,81,120,201,2,1,204,163,367
3345,6,25,31,1,0,32,14,46
3346,74,156,230,3,0,233,143,376
3347,74,174,248,3,2,253,245,498
3348,82,147,229,0,0,229,129,358
3349,22,62,84,0,0,84,57,141
3350,134,164,298,5,1,304,224,528
3351,91,224,315,1,0,316,234,550
3352,67,210,277,6,0,283,217,500
3353,80,205,285,5,0,290,210,500
3354,97,212,309,2,0,311,234,545
3355,71,126,197,3,0,200,200,400
3356,59,124,183,0,1,184,126,310
3357,62,211,273,6,2,281,219,500
3358,69,177,246,5,1,252,190,442
3359,383,79,462,2,0,464,136,600
3360,392,87,479,3,1,483,117,600
3361,397,81,478,5,0,483,117,600
3362,389,80,469,2,3,474,126,600
3363,393,83,476,2,1,479,121,600
3364,370,88,458,5,2,465,135,600
3365,385,79,464,6,1,471,129,600
3366,397,74,471,7,0,478,122,600
3367,409,62,471,9,0,480,120,600
3368,375,101,476,9,0,485,115,600
3369,381,74,455,4,4,463,137,600
3370,386,90,476,4,0,480,120,600
3371,394,77,471,1,2,474,126,600
3372,408,84,492,8,2,502,98,600
3373,413,78,491,5,3,499,101,600
3374,379,77,456,8,0,464,136,600
3375,380,98,478,3,1,482,118,600
3376,373,98,471,2,1,474,126,600
3377,399,85,484,3,1,488,112,600
3378,332,63,395,6,2,403,97,500
3379,343,58,401,8,0,409,91,500
3380,320,65,385,1,1,387,113,500
3381,367,66,433,8,1,442,142,584
3382,405,74,479,6,0,485,115,600
3383,353,89,442,5,0,447,153,600
3384,370,116,486,3,1,490,110,600
3385,378,77,455,3,2,460,140,600
3386,403,84,487,2,0,489,111,600
3387,408,82,490,3,1,494,106,600
3388,382,90,472,1,0,473,127,600
3389,380,76,456,5,2,463,137,600
3390,385,87,472,11,3,486,114,600
3391,387,76,463,5,0,468,132,600
3392,377,87,464,6,1,471,129,600
3393,373,106,479,3,0,482,118,600
3394,309,77,386,6,2,394,106,500
3395,313,89,402,3,1,406,94,500
3396,296,90,386,1,0,387,113,500
3397,329,81,410,1,0,411,89,500
3398,335,97,432,4,2,438,124,562
3399,32,13,45,0,0,45,59,104
3400,393,60,453,7,2,462,138,600
3401,364,78,442,6,0,448,152,600
3402,360,80,440,7,1,448,152,600
3403,392,76,468,3,0,471,129,600
3404,376,78,454,1,1,456,144,600
3405,345,92,437,3,2,442,158,600
3406,354,92,446,2,0,448,152,600
3407,333,67,400,5,0,405,95,500
3408,316,72,388,2,0,390,110,500
3409,292,77,369,1,0,370,130,500
3410,290,90,380,3,0,383,117,500
3411,296,53,349,7,0,356,144,500
3412,368,73,441,0,0,441,154,595
3413,386,68,454,5,2,461,139,600
3414,389,102,491,7,0,498,102,600
3415,383,88,471,2,0,473,127,600
3416,383,100,483,4,2,489,111,600
3417,376,99,475,4,0,479,121,600
3418,364,96,460,4,1,465,135,600
3419,380,96,476,6,1,483,117,600
3420,374,80,454,4,1,459,141,600
3421,369,100,469,3,1,473,127,600
3422,420,85,505,6,1,512,123,635
3423,323,96,419,6,0,425,175,600
3424,384,95,479,4,0,483,117,600
3425,348,100,448,1,0,449,151,600
3426,370,80,450,2,1,453,147,600
3427,367,102,469,4,2,475,125,600
3428,365,109,474,6,0,480,120,600
3429,381,74,455,4,1,460,140,600
3430,354,111,465,1,0,466,134,600
3431,351,83,434,1,2,437,163,600
3432,326,87,413,3,1,417,133,550
3433,321,77,398,1,0,399,130,529
3434,299,89,388,4,1,393,207,600
3435,306,100,406,4,3,413,187,600
3436,336,83,419,7,1,427,173,600
3437,296,91,387,5,1,393,148,541
3438,286,88,374,2,0,376,124,500
3439,241,90,331,2,0,333,167,500
3440,255,99,354,3,1,358,142,500
3441,264,101,365,4,2,371,129,500
3442,252,105,357,3,0,360,140,500
3443,292,107,399,3,0,402,150,552
3444,311,131,442,7,0,449,151,600
3445,287,155,442,4,0,446,154,600
3446,267,174,441,2,0,443,157,600
3447,260,116,376,1,0,377,123,500
3448,248,134,382,4,0,386,114,500
3449,242,115,357,6,1,364,136,500
3450,220,125,345,3,0,348,152,500
3451,264,138,402,5,1,408,133,541
3452,325,109,434,5,1,440,160,600
3453,295,83,378,2,1,381,119,500
3454,297,85,382,2,1,385,115,500
3455,299,69,368,3,2,373,127,500
3456,275,129,404,2,1,407,165,572
3457,375,96,471,5,0,476,124,600
3458,386,87,473,3,0,476,124,600
3459,379,104,483,2,1,486,114,600
3460,337,119,456,9,1,466,134,600
3461,371,110,481,6,3,490,110,600
3462,384,104,488,5,1,494,106,600
3463,333,122,455,5,4,464,136,600
3464,387,110,497,4,0,501,99,600
3465,348,109,457,5,0,462,138,600
3466,385,91,476,7,2,485,115,600
3467,327,140,467,4,1,472,128,600
3468,353,114,467,8,2,477,123,600
3469,354,122,476,0,0,476,124,600
3470,392,103,495,4,0,499,147,646
3471,350,100,450,6,1,457,143,600
3472,275,74,349,5,1,355,145,500
3473,279,88,367,1,2,370,130,500
3474,314,75,389,3,1,393,107,500
3475,297,73,370,5,1,376,124,500
3476,306,74,380,3,0,383,133,516
3477,366,110,476,5,2,483,117,600
3478,381,111,492,2,0,494,106,600
3479,377,115,492,4,2,498,102,600
3480,352,121,473,5,0,478,122,600
3481,366,93,459,6,2,467,133,600
3482,365,113,478,4,1,483,117,600
3483,372,104,476,0,1,477,123,600
3484,383,94,477,6,1,484,116,600
3485,358,131,489,3,3,495,105,600
3486,343,118,461,4,3,468,132,600
3487,317,91,408,8,0,416,134,550
3488,338,100,438,2,2,442,108,550
3489,367,66,433,3,0,436,117,553
3490,252,147,399,7,1,407,193,600
3491,283,119,402,14,0,416,184,600
3492,277,143,420,4,0,424,176,600
3493,297,137,434,3,1,438,162,600
3494,289,142,431,9,1,441,159,600
3495,250,149,399,8,1,408,192,600
3496,243,136,379,5,3,387,213,600
3497,220,138,358,3,2,363,168,531
3498,224,121,345,4,0,349,151,500
3499,245,130,375,3,1,379,172,551
3500,378,100,478,4,1,483,117,600
3501,363,90,453,1,4,458,142,600
3502,407,75,482,5,2,489,111,600
3503,380,97,477,7,0,484,116,600
3504,363,97,460,2,1,463,137,600
3505,377,105,482,2,0,484,116,600
3506,371,80,451,4,3,458,142,600
3507,390,92,482,1,0,483,117,600
3508,384,85,469,1,0,470,130,600
3509,368,103,471,1,0,472,128,600
3510,377,102,479,3,1,483,117,600
3511,373,102,475,3,0,478,122,600
3512,378,79,457,2,1,460,140,600
3513,378,105,483,7,0,490,110,600
3514,383,91,474,7,0,481,119,600
3515,417,78,495,4,1,500,100,600
3516,307,70,377,4,2,383,116,499
3517,288,95,383,5,0,388,112,500
3518,306,71,377,2,0,379,121,500
3519,295,76,371,4,0,375,122,497
3520,248,88,336,1,0,337,163,500
3521,241,118,359,2,0,361,139,500
3522,255,82,337,3,2,342,157,499
3523,330,95,425,5,2,432,126,558
3524,295,113,408,1,2,411,139,550
3525,284,103,387,3,2,392,158,550
3526,219,91,310,1,0,311,133,444
3527,342,105,447,2,3,452,117,569
3528,311,116,427,2,6,435,134,569
3529,276,104,380,2,1,383,167,550
3530,264,99,363,4,0,367,177,544
3531,263,49,312,2,0,314,86,400
3532,269,41,310,3,1,314,61,375
3533,175,65,240,3,3,246,154,400
3534,143,68,211,1,0,212,91,303
3535,223,81,304,3,2,309,91,400
3536,176,75,251,2,0,253,76,329
3537,189,90,279,6,1,286,90,376
3538,418,36,454,5,2,461,139,600
3539,418,64,482,2,1,485,115,600
3540,437,37,474,4,3,481,119,600
3541,406,48,454,7,4,465,135,600
3542,389,59,448,2,1,451,149,600
3543,388,37,425,5,1,431,119,550
3544,357,48,405,3,1,409,141,550
3545,324,26,350,6,0,356,94,450
3546,397,96,493,5,2,500,100,600
3547,392,85,477,9,0,486,114,600
3548,389,93,482,10,5,497,103,600
3549,396,90,486,5,2,493,107,600
3550,333,67,400,6,2,408,92,500
3551,334,60,394,6,0,400,100,500
3552,343,70,413,8,1,422,78,500
3553,322,74,396,3,1,400,84,484
3554,123,42,165,2,0,167,75,242
3555,365,105,470,6,1,477,127,604
3556,357,114,471,6,2,479,125,604
3557,351,110,461,3,0,464,140,604
3558,383,95,478,3,1,482,122,604
3559,352,119,471,3,1,475,129,604
3560,396,95,491,3,0,494,110,604
3561,321,50,371,7,0,378,222,600
3562,352,52,404,3,0,407,193,600
3563,324,73,397,0,1,398,202,600
3564,327,57,384,5,0,389,206,595
3565,294,63,357,1,1,359,141,500
3566,255,72,327,4,1,332,150,482
3567,329,96,425,5,1,431,172,603
3568,351,107,458,4,0,462,141,603
3569,350,85,435,4,0,439,164,603
3570,357,119,476,6,2,484,119,603
3571,346,106,452,6,0,458,148,606
3572,207,68,275,5,1,281,175,456
3573,194,70,264,5,0,269,181,450
3574,212,67,279,3,1,283,167,450
3575,142,46,188,5,2,195,105,300
3576,353,113,466,1,0,467,132,599
3577,351,100,451,2,1,454,146,600
3578,372,101,473,2,0,475,125,600
3579,406,69,475,1,0,476,124,600
3580,385,95,480,2,1,483,117,600
3581,345,107,452,1,0,453,147,600
3582,377,95,472,8,0,480,120,600
3583,370,100,470,6,0,476,124,600
3584,361,103,464,4,0,468,132,600
3585,387,69,456,5,2,463,137,600
3586,318,106,424,6,1,431,169,600
3587,371,95,466,2,1,469,131,600
3588,398,84,482,4,1,487,113,600
3589,400,92,492,4,0,496,104,600
3590,376,82,458,3,1,462,138,600
3591,367,96,463,3,0,466,134,600
3592,405,76,481,5,2,488,112,600
3593,375,97,472,3,1,476,124,600
3594,373,91,464,3,0,467,133,600
3595,405,89,494,3,0,497,103,600
3596,375,94,469,2,0,471,129,600
3597,376,85,461,4,0,465,135,600
3598,396,84,480,4,0,484,126,610
3599,405,85,490,5,0,495,115,610
3600,382,85,467,5,0,472,138,610
3601,397,90,487,4,0,491,119,610
3602,351,104,455,5,0,460,146,606
3603,307,122,429,1,0,430,170,600
3604,293,132,425,3,1,429,171,600
3605,247,106,353,3,0,356,144,500
3606,203,83,286,1,0,287,131,418
3607,214,61,275,1,2,278,172,450
3608,237,69,306,1,1,308,127,435
3609,230,136,366,4,1,371,129,500
3610,230,147,377,1,0,378,122,500
3611,188,138,326,1,0,327,123,450
3612,235,50,285,1,0,286,114,400
3613,203,69,272,2,2,276,101,377
3614,214,151,365,3,0,368,118,486
3615,269,100,369,2,1,372,207,579
3616,178,44,222,3,1,226,86,312
3617,289,80,369,1,2,372,165,537
3618,386,91,477,3,1,481,119,600
3619,386,72,458,3,0,461,139,600
3620,365,76,441,2,2,445,155,600
3621,374,76,450,1,1,452,148,600
3622,383,80,463,5,0,468,132,600
3623,311,60,371,5,0,376,124,500
3624,354,32,386,4,0,390,110,500
3625,289,56,345,3,0,348,87,435
3626,209,41,250,5,0,255,105,360
3627,212,42,254,0,0,254,106,360
3628,277,61,338,3,1,342,208,550
3629,292,86,378,5,3,386,164,550
3630,348,67,415,2,0,417,121,538
3631,114,33,147,1,0,148,52,200
3632,229,52,281,5,0,286,122,408
3633,362,99,461,2,1,464,136,600
3634,382,106,488,5,1,494,106,600
3635,319,126,445,4,0,449,151,600
3636,354,92,446,3,0,449,151,600
3637,287,89,376,0,4,380,120,500
3638,301,63,364,3,2,369,125,494
3639,365,56,421,3,1,425,96,521
3640,139,34,173,1,1,175,91,266
3641,272,24,296,3,1,300,94,394
3642,38,22,60,1,0,61,29,90
3643,288,140,428,3,1,432,168,600
3644,303,134,437,4,0,441,159,600
3645,346,113,459,4,0,463,137,600
3646,273,146,419,5,0,424,176,600
3647,280,156,436,4,2,442,158,600
3648,292,148,440,3,1,444,156,600
3649,285,121,406,6,1,413,187,600
3650,303,147,450,7,1,458,142,600
3651,317,126,443,4,1,448,152,600
3652,278,138,416,1,0,417,183,600
3653,309,130,439,1,0,440,160,600
3654,310,131,441,2,1,444,156,600
3655,285,133,418,5,2,425,175,600
3656,309,128,437,5,0,442,158,600
3657,287,138,425,11,0,436,164,600
3658,301,127,428,7,1,436,164,600
3659,327,137,464,2,1,467,133,600
3660,309,125,434,2,0,436,164,600
3661,232,110,342,1,0,343,158,501
3662,300,137,437,2,1,440,160,600
3663,334,127,461,9,3,473,127,600
3664,345,124,469,4,1,474,126,600
3665,321,139,460,2,1,463,137,600
3666,324,135,459,4,0,463,137,600
3667,334,124,458,4,0,462,138,600
3668,346,122,468,4,0,472,128,600
3669,354,123,477,2,2,481,119,600
3670,327,119,446,2,0,448,152,600
3671,294,150,444,3,3,450,150,600
3672,331,119,450,3,0,453,147,600
3673,334,124,458,2,1,461,139,600
3674,337,123,460,2,2,464,136,600
3675,326,117,443,5,1,449,151,600
3676,330,117,447,3,1,451,149,600
3677,368,112,480,2,2,484,116,600
3678,338,127,465,3,1,469,131,600
3679,267,102,369,5,0,374,126,500
3680,276,108,384,4,2,390,110,500
3681,297,116,413,6,0,419,129,548
3682,281,136,417,4,0,421,179,600
3683,265,162,427,6,2,435,165,600
3684,277,150,427,8,0,435,165,600
3685,292,150,442,7,0,449,151,600
3686,253,190,443,5,1,449,151,600
3687,276,153,429,0,1,430,170,600
3688,268,157,425,1,1,427,173,600
3689,279,145,424,4,1,429,171,600
3690,293,139,432,2,3,437,163,600
3691,249,113,362,2,1,365,135,500
3692,254,151,405,3,2,410,117,527
3693,214,163,377,4,0,381,219,600
3694,221,175,396,5,1,402,198,600
3695,207,182,389,3,0,392,208,600
3696,204,159,363,4,0,367,233,600
3697,201,166,367,3,1,371,229,600
3698,197,175,372,3,1,376,224,600
3699,187,186,373,4,3,380,220,600
3700,186,155,341,2,2,345,187,532
3701,174,146,320,4,0,324,208,532
3702,197,161,358,6,0,364,168,532
3703,194,166,360,3,1,364,207,571
3704,198,175,373,3,0,376,195,571
3705,292,139,431,4,3,438,121,559
3706,285,153,438,4,1,443,116,559
3707,298,148,446,6,0,452,107,559
3708,309,114,423,8,0,431,128,559
3709,291,133,424,5,1,430,129,559
3710,298,160,458,0,2,460,99,559
3711,300,116,416,5,0,421,138,559
3712,304,118,422,2,1,425,134,559
3713,271,179,450,5,2,457,143,600
3714,282,171,453,7,2,462,138,600
3715,250,133,383,5,0,388,112,500
3716,240,127,367,5,0,372,128,500
3717,248,129,377,2,3,382,118,500
3718,251,126,377,4,3,384,116,500
3719,241,139,380,0,1,381,119,500
3720,266,148,414,1,1,416,143,559
3721,332,137,469,2,0,471,129,600
3722,307,137,444,3,0,447,153,600
3723,330,134,464,6,3,473,127,600
3724,301,136,437,3,2,442,158,600
3725,314,148,462,6,0,468,132,600
3726,276,114,390,0,0,390,110,500
3727,286,110,396,6,1,403,97,500
3728,269,145,414,3,1,418,119,537
3729,241,136,377,6,1,384,176,560
3730,219,154,373,3,1,377,183,560
3731,146,206,352,6,2,360,240,600
3732,178,187,365,4,3,372,228,600
3733,149,164,313,5,1,319,181,500
3734,157,159,316,1,0,317,209,526
3735,235,126,361,3,0,364,136,500
3736,257,100,357,2,1,360,138,498
3737,303,143,446,3,0,449,151,600
3738,304,156,460,6,0,466,134,600
3739,292,145,437,1,0,438,162,600
3740,309,142,451,3,4,458,142,600
3741,320,140,460,3,2,465,135,600
3742,300,125,425,6,0,431,169,600
3743,279,133,412,1,0,413,187,600
3744,297,141,438,6,1,445,155,600
3745,273,176,449,2,2,453,147,600
3746,284,151,435,1,0,436,164,600
3747,297,127,424,4,0,428,172,600
3748,291,130,421,2,0,423,177,600
3749,298,147,445,5,2,452,148,600
3750,297,145,442,7,1,450,150,600
3751,241,126,367,1,1,369,131,500
3752,275,131,406,5,0,411,143,554
3753,157,98,255,3,1,259,91,350
3754,165,85,250,2,0,252,93,345
3755,151,138,289,3,0,292,208,500
3756,186,124,310,3,0,313,187,500
3757,164,122,286,4,1,291,159,450
3758,170,110,280,1,0,281,167,448
3759,122,90,212,2,0,214,84,298
3760,240,126,366,2,0,368,194,562
3761,232,149,381,4,2,387,175,562
3762,288,122,410,0,1,411,151,562
3763,240,151,391,4,0,395,166,561
3764,260,127,387,5,1,393,168,561
3765,262,122,384,3,0,387,174,561
3766,250,166,416,4,1,421,179,600
3767,195,141,336,1,1,338,162,500
3768,206,127,333,4,1,338,162,500
3769,202,148,350,6,0,356,144,500
3770,222,123,345,6,2,353,158,511
3771,271,171,442,4,1,447,153,600
3772,279,168,447,7,0,454,146,600
3773,307,140,447,3,0,450,150,600
3774,258,159,417,4,3,424,176,600
3775,238,127,365,3,1,369,131,500
3776,268,117,385,3,0,388,143,531
3777,28,7,35,6,1,42,43,85
3778,154,167,321,2,1,324,210,534
3779,198,141,339,5,0,344,190,534
3780,175,127,302,6,2,310,223,533
3781,133,150,283,2,0,285,248,533
3782,167,173,340,7,1,348,185,533
3783,120,195,315,2,0,317,197,514
3784,141,171,312,3,1,316,198,514
3785,125,164,289,4,1,294,219,513
3786,109,196,305,3,0,308,205,513
3787,101,198,299,2,1,302,211,513
3788,98,190,288,3,0,291,222,513
3789,367,80,447,3,2,452,148,600
3790,325,53,378,7,0,385,115,500
3791,301,61,362,5,0,367,133,500
3792,321,50,371,0,0,371,129,500
3793,343,45,388,1,0,389,111,500
3794,329,68,397,3,0,400,127,527
3795,234,83,317,1,1,319,138,457
3796,263,87,350,2,0,352,105,457
3797,248,86,334,6,0,340,117,457
3798,33,11,44,0,0,44,8,52
3799,281,145,426,3,1,430,184,614
3800,7,2,9,0,0,9,30,39
3801,157,42,199,2,0,201,110,311
3802,337,115,452,1,1,454,146,600
3803,293,120,413,3,1,417,183,600
3804,273,128,401,5,1,407,193,600
3805,317,82,399,1,0,400,150,550
3806,168,88,256,3,1,260,90,350
3807,130,97,227,3,0,230,108,338
3808,159,79,238,0,0,238,112,350
3809,150,106,256,2,1,259,78,337
3810,253,101,354,3,0,357,143,500
3811,259,82,341,4,1,346,154,500
3812,254,109,363,4,0,367,133,500
3813,266,94,360,3,1,364,133,497
3814,43,87,130,0,0,130,56,186
3815,401,112,513,4,1,518,124,642
3816,320,114,434,4,0,438,162,600
3817,324,120,444,2,1,447,138,585
3818,350,107,457,3,0,460,139,599
3819,324,107,431,1,0,432,168,600
3820,360,104,464,5,0,469,131,600
3821,287,90,377,9,1,387,113,500
3822,280,86,366,9,0,375,125,500
3823,302,98,400,3,0,403,116,519
3824,283,83,366,2,0,368,132,500
3825,245,91,336,3,1,340,110,450
3826,259,79,338,2,1,341,109,450
3827,272,78,350,1,0,351,108,459
3828,271,60,331,2,0,333,134,467
3829,236,61,297,1,0,298,169,467
3830,225,57,282,3,0,285,165,450
3831,211,77,288,3,0,291,115,406
3832,346,108,454,2,1,457,143,600
3833,343,95,438,3,1,442,158,600
3834,340,109,449,2,1,452,148,600
3835,333,116,449,2,0,451,149,600
3836,293,91,384,3,0,387,113,500
3837,285,91,376,4,1,381,119,500
3838,286,86,372,4,0,376,124,500
3839,252,99,351,3,2,356,144,500
3840,287,88,375,3,0,378,131,509
3841,107,36,143,0,0,143,97,240
3842,216,60,276,1,1,278,101,379
3843,212,60,272,6,1,279,99,378
3844,62,24,86,2,0,88,58,146
3845,276,82,358,1,2,361,89,450
3846,248,82,330,2,0,332,92,424
3847,106,102,208,3,0,211,139,350
3848,98,124,222,1,0,223,119,342
3849,264,169,433,4,1,438,162,600
3850,309,130,439,4,1,444,156,600
3851,233,157,390,2,1,393,157,550
3852,280,141,421,3,1,425,125,550
3853,264,126,390,3,1,394,156,550
3854,253,113,366,7,0,373,149,522
3855,15,13,28,1,0,29,31,60
3856,328,129,457,5,4,466,134,600
3857,308,132,440,4,2,446,154,600
3858,327,104,431,2,1,434,166,600
3859,343,100,443,4,2,449,151,600
3860,399,71,470,2,0,472,152,624
3861,276,37,313,3,0,316,122,438
3862,296,105,401,4,5,410,190,600
3863,297,106,403,1,0,404,196,600
3864,294,124,418,2,0,420,180,600
3865,270,120,390,4,1,395,205,600
3866,279,129,408,2,1,411,189,600
3867,232,108,340,4,0,344,170,514
3868,46,41,87,1,0,88,65,153
3869,81,38,119,0,0,119,50,169
3870,101,60,161,1,0,162,89,251
3871,118,21,139,0,0,139,41,180
3872,149,30,179,2,0,181,97,278
3873,221,119,340,4,2,346,154,500
3874,185,137,322,0,1,323,127,450
3875,212,129,341,1,0,342,108,450
3876,206,123,329,2,0,331,126,457
3877,21,7,28,1,0,29,25,54
3878,104,76,180,0,0,180,141,321
3879,208,32,240,1,1,242,122,364
3880,225,31,256,2,1,259,105,364
3881,221,35,256,1,2,259,169,428
3882,191,49,240,2,0,242,120,362
3883,187,36,223,3,0,226,135,361
3884,135,24,159,0,0,159,108,267
3885,237,35,272,4,1,277,102,379
3886,218,50,268,1,0,269,89,358
3887,79,8,87,2,0,89,54,143
3888,26,9,35,0,0,35,23,58
3889,74,14,88,0,0,88,61,149
3890,219,122,341,3,0,344,268,612
3891,223,123,346,3,0,349,263,612
3892,243,113,356,1,0,357,142,499
3893,193,89,282,7,0,289,93,382
3894,99,95,194,1,0,195,145,340
3895,150,46,196,3,2,201,94,295
3896,72,30,102,1,0,103,67,170
3897,190,197,387,3,3,393,219,612
3898,118,56,174,0,0,174,121,295
3899,195,104,299,3,0,302,198,500
3900,239,90,329,4,1,334,191,525
3901,283,53,336,3,1,340,121,461
3902,251,180,431,4,0,435,146,581
3903,259,105,364,5,1,370,159,529
3904,212,117,329,0,0,329,171,500
3905,184,126,310,4,0,314,173,487
3906,216,75,291,4,0,295,122,417
3907,167,117,284,2,0,286,130,416
3908,184,90,274,1,1,276,140,416
3909,104,74,178,1,1,180,57,237
3910,120,74,194,2,0,196,89,285
3911,16,30,46,0,0,46,21,67
3912,192,87,279,1,1,281,169,450
3913,191,95,286,2,0,288,162,450
3914,216,70,286,0,0,286,147,433
3915,44,39,83,1,0,84,75,159
3916,113,77,190,2,0,192,122,314
3917,343,89,432,5,0,437,141,578
3918,332,98,430,4,1,435,142,577
3919,329,105,434,1,2,437,163,600
3920,336,114,450,4,0,454,146,600
3921,259,109,368,2,0,370,130,500
3922,251,90,341,2,1,344,137,481
3923,260,108,368,5,0,373,136,509
3924,43,88,131,2,1,134,119,253
3925,214,145,359,6,1,366,212,578
3926,264,107,371,3,1,375,202,577
3927,203,134,337,7,1,345,155,500
3928,184,138,322,2,0,324,176,500
3929,205,142,347,2,0,349,151,500
3930,180,139,319,1,0,320,132,452
3931,192,57,249,4,1,254,165,419
3932,132,38,170,0,1,171,45,216
3933,247,155,402,1,3,406,194,600
3934,251,157,408,6,1,415,185,600
3935,240,123,363,6,0,369,181,550
3936,217,142,359,0,0,359,160,519
3937,78,103,181,6,1,188,212,400
3938,78,135,213,3,1,217,189,406
3939,15,116,131,3,1,135,156,291
3940,6,42,48,8,0,56,178,234
3941,10,71,81,22,1,104,244,348
3942,12,147,159,6,1,166,148,314
3943,34,58,92,3,0,95,122,217
3944,8,42,50,1,0,51,57,108
3945,15,131,146,4,2,152,345,497
3946,22,131,153,5,1,159,159,318
3947,4,10,14,5,2,21,53,74
3948,12,33,45,0,1,46,88,134
3949,1,14,15,0,0,15,11,26
3950,366,74,440,6,2,448,152,600
3951,344,85,429,4,1,434,166,600
3952,398,50,448,6,0,454,146,600
3953,296,70,366,3,2,371,129,500
3954,284,70,354,2,1,357,143,500
3955,295,74,369,3,0,372,127,499
3956,183,32,215,0,1,216,146,362
3957,72,27,99,0,0,99,65,164
3958,140,93,233,1,0,234,108,342
3959,88,64,152,1,1,154,143,297
3960,375,59,434,5,1,440,160,600
3961,362,91,453,3,2,458,142,600
3962,332,132,464,4,3,471,129,600
3963,317,125,442,3,0,445,155,600
3964,267,80,347,2,1,350,150,500
3965,255,95,350,4,0,354,146,500
3966,271,81,352,3,3,358,142,500
3967,282,95,377,2,2,381,126,507
3968,409,59,468,2,2,472,128,600
3969,390,34,424,3,0,427,112,539
3970,310,32,342,1,0,343,170,513
3971,42,13,55,1,0,56,11,67
3972,379,74,453,5,0,458,142,600
3973,400,72,472,2,0,474,126,600
3974,376,87,463,5,0,468,132,600
3975,359,93,452,2,1,455,145,600
3976,366,96,462,3,2,467,133,600
3977,352,83,435,2,2,439,161,600
3978,376,105,481,4,0,485,115,600
3979,399,62,461,6,0,467,133,600
3980,430,77,507,4,2,513,87,600
3981,377,72,449,4,4,457,143,600
3982,322,114,436,8,0,444,156,600
3983,368,93,461,1,2,464,136,600
3984,361,99,460,1,1,462,138,600
3985,373,91,464,0,0,464,136,600
3986,370,91,461,2,2,465,135,600
3987,386,88,474,6,1,481,119,600
3988,361,105,466,2,2,470,130,600
3989,359,96,455,2,0,457,143,600
3990,377,70,447,2,1,450,100,550
3991,338,74,412,2,1,415,135,550
3992,329,93,422,6,3,431,119,550
3993,315,76,391,6,0,397,106,503
3994,341,101,442,1,0,443,157,600
3995,308,99,407,2,2,411,189,600
3996,330,96,426,10,0,436,164,600
3997,339,91,430,3,1,434,166,600
3998,277,89,366,2,0,368,132,500
3999,275,77,352,1,1,354,146,500
4000,237,73,310,7,2,319,136,455
4001,380,105,485,6,1,492,108,600
4002,382,93,475,5,0,480,120,600
4003,363,106,469,4,0,473,127,600
4004,382,103,485,1,0,486,114,600
4005,369,112,481,3,1,485,115,600
4006,388,100,488,5,0,493,107,600
4007,389,104,493,1,1,495,105,600
4008,339,106,445,2,1,448,152,600
4009,364,102,466,2,0,468,121,589
4010,307,111,418,5,1,424,176,600
4011,320,103,423,8,2,433,167,600
4012,318,114,432,7,1,440,160,600
4013,325,111,436,4,3,443,157,600
4014,327,127,454,8,2,464,136,600
4015,346,97,443,9,2,454,146,600
4016,347,85,432,6,2,440,160,600
4017,311,88,399,7,4,410,140,550
4018,284,86,370,5,1,376,124,500
4019,315,74,389,5,1,395,105,500
4020,263,87,350,2,1,353,138,491
4021,338,63,401,3,1,405,195,600
4022,286,64,350,3,0,353,172,525
4023,307,77,384,4,0,388,112,500
4024,263,45,308,4,2,314,91,405
4025,328,35,363,1,0,364,176,540
4026,344,63,407,10,1,418,182,600
4027,347,66,413,2,0,415,185,600
4028,336,64,400,3,1,404,196,600
4029,295,60,355,1,2,358,142,500
4030,307,58,365,6,2,373,133,506
4031,342,71,413,5,1,419,199,618
4032,324,99,423,14,0,437,181,618
4033,336,53,389,2,1,392,223,615
4034,11,2,13,0,0,13,90,103
4035,281,51,332,3,0,335,99,434
4036,367,103,470,4,0,474,126,600
4037,384,90,474,2,0,476,124,600
4038,415,68,483,4,0,487,113,600
4039,344,102,446,6,0,452,148,600
4040,400,81,481,3,0,484,116,600
4041,311,114,425,5,0,430,170,600
4042,383,90,473,2,0,475,125,600
4043,368,88,456,4,1,461,139,600
4044,408,72,480,3,1,484,116,600
4045,404,75,479,6,2,487,113,600
4046,390,75,465,3,1,469,131,600
4047,380,82,462,4,0,466,134,600
4048,377,85,462,3,2,467,133,600
4049,369,82,451,4,1,456,144,600
4050,340,102,442,5,0,447,158,605
4051,372,94,466,7,0,473,132,605
4052,363,86,449,7,0,456,149,605
4053,327,99,426,4,0,430,175,605
4054,388,89,477,2,0,479,121,600
4055,379,90,469,3,0,472,128,600
4056,350,109,459,1,0,460,140,600
4057,344,122,466,3,0,469,131,600
4058,373,93,466,4,0,470,130,600
4059,383,88,471,0,0,471,129,600
4060,386,87,473,1,1,475,125,600
4061,376,110,486,2,0,488,112,600
4062,327,117,444,4,0,448,102,550
4063,315,88,403,1,0,404,117,521
4064,324,83,407,2,1,410,90,500
4065,314,73,387,5,1,393,107,500
4066,289,111,400,3,0,403,97,500
4067,248,85,333,6,0,339,83,422
4068,211,47,258,3,2,263,76,339
4069,68,31,99,0,0,99,234,333
4070,58,23,81,1,0,82,165,247
4071,393,57,450,6,4,460,140,600
4072,341,100,441,4,1,446,154,600
4073,349,73,422,4,1,427,173,600
4074,357,71,428,5,3,436,164,600
4075,338,111,449,4,0,453,147,600
4076,336,90,426,8,4,438,162,600
4077,326,70,396,8,2,406,144,550
4078,290,75,365,2,1,368,132,500
4079,276,75,351,2,3,356,121,477
4080,334,108,442,5,1,448,163,611
4081,225,54,279,4,1,284,140,424
4082,270,59,329,8,2,339,111,450
4083,250,64,314,8,3,325,114,439
4084,166,64,230,1,0,231,103,334
4085,268,73,341,3,1,345,164,509
4086,353,82,435,6,0,441,159,600
4087,311,109,420,1,2,423,177,600
4088,321,102,423,10,1,434,166,600
4089,267,82,349,3,2,354,146,500
4090,287,87,374,4,0,378,122,500
4091,249,96,345,2,2,349,151,500
4092,255,62,317,5,0,322,136,458
4093,377,44,421,7,2,430,126,556
4094,369,66,435,5,1,441,114,555
4095,219,39,258,0,1,259,91,350
4096,197,65,262,3,0,265,69,334
4097,68,20,88,2,0,90,41,131
4098,89,65,154,0,0,154,117,271
4099,330,102,432,5,0,437,163,600
4100,297,127,424,9,2,435,165,600
4101,338,124,462,3,2,467,133,600
4102,337,88,425,6,0,431,169,600
4103,321,112,433,3,4,440,160,600
4104,355,109,464,1,2,467,133,600
4105,306,113,419,2,0,421,179,600
4106,353,97,450,4,1,455,145,600
4107,316,112,428,3,1,432,168,600
4108,351,103,454,4,1,459,141,600
4109,301,119,420,4,0,424,176,600
4110,309,129,438,4,1,443,157,600
4111,347,104,451,4,2,457,143,600
4112,348,109,457,2,0,459,141,600
4113,325,91,416,0,4,420,180,600
4114,300,128,428,3,1,432,168,600
4115,300,124,424,5,2,431,169,600
4116,319,127,446,2,1,449,151,600
4117,325,112,437,3,0,440,160,600
4118,306,116,422,1,0,423,177,600
4119,321,110,431,4,2,437,163,600
4120,348,93,441,4,0,445,155,600
4121,310,123,433,7,0,440,160,600
4122,300,130,430,2,2,434,166,600
4123,340,92,432,6,1,439,161,600
4124,332,110,442,1,0,443,157,600
4125,348,127,475,1,1,477,123,600
4126,300,89,389,1,0,390,110,500
4127,289,97,386,5,1,392,108,500
4128,251,94,345,6,0,351,116,467
4129,368,102,470,2,1,473,127,600
4130,329,117,446,2,0,448,152,600
4131,340,121,461,1,0,462,138,600
4132,359,125,484,4,0,488,112,600
4133,340,129,469,2,0,471,129,600
4134,342,103,445,4,1,450,150,600
4135,343,133,476,3,0,479,121,600
4136,333,111,444,4,1,449,151,600
4137,353,113,466,4,1,471,129,600
4138,352,125,477,2,0,479,121,600
4139,348,127,475,3,0,478,122,600
4140,342,108,450,0,0,450,150,600
4141,365,117,482,2,1,485,115,600
4142,342,108,450,4,0,454,146,600
4143,360,107,467,1,0,468,132,600
4144,343,130,473,1,0,474,126,600
4145,315,84,399,2,0,401,99,500
4146,314,84,398,1,2,401,99,500
4147,281,101,382,2,4,388,85,473
4148,364,117,481,2,1,484,116,600
4149,369,110,479,6,1,486,114,600
4150,351,118,469,4,2,475,125,600
4151,383,97,480,3,0,483,117,600
4152,354,122,476,5,0,481,119,600
4153,364,99,463,3,2,468,132,600
4154,362,110,472,2,1,475,125,600
4155,342,114,456,3,1,460,140,600
4156,365,100,465,2,1,468,132,600
4157,346,129,475,3,0,478,122,600
4158,361,103,464,2,0,466,134,600
4159,360,112,472,3,2,477,123,600
4160,352,112,464,4,2,470,130,600
4161,359,101,460,4,3,467,133,600
4162,345,112,457,4,1,462,138,600
4163,374,105,479,0,1,480,120,600
4164,317,87,404,2,1,407,93,500
4165,275,96,371,3,1,375,115,490
4166,296,154,450,4,0,454,146,600
4167,334,133,467,3,1,471,129,600
4168,337,134,471,3,0,474,126,600
4169,328,129,457,3,0,460,140,600
4170,315,124,439,0,1,440,160,600
4171,282,143,425,1,0,426,174,600
4172,296,139,435,0,2,437,163,600
4173,315,137,452,2,2,456,144,600
4174,310,144,454,2,1,457,143,600
4175,289,166,455,4,1,460,140,600
4176,315,137,452,6,1,459,141,600
4177,278,155,433,3,3,439,161,600
4178,332,127,459,6,1,466,134,600
4179,321,141,462,1,0,463,137,600
4180,291,130,421,4,0,425,175,600
4181,272,147,419,3,0,422,178,600
4182,295,137,432,3,0,435,165,600
4183,303,142,445,1,1,447,153,600
4184,301,137,438,4,1,443,157,600
4185,304,148,452,1,1,454,146,600
4186,306,145,451,1,0,452,148,600
4187,284,155,439,5,1,445,155,600
4188,302,147,449,0,1,450,150,600
4189,295,138,433,7,3,443,157,600
4190,314,131,445,0,1,446,154,600
4191,289,144,433,4,0,437,163,600
4192,248,120,368,4,0,372,128,500
4193,288,132,420,2,1,423,99,522
4194,268,155,423,5,1,429,171,600
4195,290,137,427,6,1,434,166,600
4196,318,123,441,4,0,445,155,600
4197,269,164,433,4,2,439,161,600
4198,305,139,444,2,2,448,152,600
4199,254,113,367,2,1,370,130,500
4200,263,101,364,4,0,368,139,507
4201,266,152,418,2,1,421,179,600
4202,253,159,412,3,0,415,185,600
4203,278,160,438,4,0,442,158,600
4204,276,144,420,2,0,422,178,600
4205,205,128,333,0,0,333,167,500
4206,237,111,348,5,1,354,146,500
4207,240,125,365,4,1,370,130,500
4208,228,119,347,2,0,349,151,500
4209,212,110,322,3,0,325,131,456
4210,162,196,358,3,0,361,239,600
4211,135,207,342,1,0,343,257,600
4212,162,177,339,3,0,342,258,600
4213,160,197,357,3,0,360,240,600
4214,160,185,345,1,0,346,254,600
4215,160,171,331,3,0,334,266,600
4216,162,195,357,1,1,359,241,600
4217,150,190,340,4,0,344,256,600
4218,188,191,379,1,1,381,219,600
4219,142,181,323,7,0,330,270,600
4220,176,178,354,0,2,356,244,600
4221,133,195,328,5,0,333,267,600
4222,151,192,343,3,1,347,253,600
4223,141,188,329,2,1,332,268,600
4224,165,201,366,2,0,368,232,600
4225,143,171,314,2,1,317,233,550
4226,133,156,289,3,0,292,208,500
4227,139,145,284,2,1,287,213,500
4228,160,169,329,3,0,332,193,525
4229,289,154,443,1,1,445,155,600
4230,313,134,447,1,1,449,151,600
4231,311,128,439,2,1,442,158,600
4232,257,150,407,3,0,410,190,600
4233,288,133,421,1,0,422,178,600
4234,280,140,420,2,0,422,178,600
4235,273,147,420,1,0,421,179,600
4236,299,147,446,6,1,453,147,600
4237,286,147,433,4,0,437,163,600
4238,238,146,384,1,0,385,165,550
4239,287,121,408,3,1,412,104,516
4240,275,142,417,6,0,423,177,600
4241,275,151,426,3,0,429,171,600
4242,304,137,441,3,0,444,156,600
4243,286,147,433,5,0,438,162,600
4244,283,136,419,3,0,422,178,600
4245,304,134,438,2,1,441,159,600
4246,291,126,417,5,0,422,178,600
4247,289,146,435,2,1,438,162,600
4248,263,160,423,8,3,434,166,600
4249,265,145,410,3,1,414,186,600
4250,275,162,437,6,2,445,155,600
4251,227,133,360,2,1,363,137,500
4252,250,121,371,4,2,377,123,500
4253,235,118,353,3,0,356,144,500
4254,239,116,355,4,0,359,141,500
4255,233,126,359,2,0,361,155,516
4256,286,151,437,6,0,443,157,600
4257,281,162,443,4,0,447,153,600
4258,309,137,446,2,0,448,152,600
4259,295,146,441,3,1,445,155,600
4260,284,141,425,2,0,427,173,600
4261,247,129,376,5,3,384,166,550
4262,270,133,403,1,2,406,144,550
4263,262,127,389,2,1,392,146,538
4264,159,70,229,4,0,233,154,387
4265,55,32,87,2,0,89,75,164
4266,337,129,466,6,0,472,128,600
4267,325,136,461,4,1,466,134,600
4268,297,148,445,4,2,451,149,600
4269,307,147,454,6,0,460,140,600
4270,322,142,464,3,0,467,133,600
4271,364,122,486,1,1,488,112,600
4272,342,117,459,3,0,462,138,600
4273,325,148,473,5,0,478,122,600
4274,349,128,477,5,2,484,116,600
4275,342,127,469,8,3,480,102,582
4276,320,124,444,2,0,446,154,600
4277,347,117,464,0,0,464,136,600
4278,298,136,434,5,1,440,160,600
4279,344,124,468,4,0,472,128,600
4280,309,132,441,1,0,442,158,600
4281,212,153,365,2,0,367,133,500
4282,274,99,373,5,0,378,122,500
4283,305,89,394,2,2,398,102,500
4284,266,117,383,3,0,386,114,500
4285,241,99,340,4,1,345,128,473
4286,266,170,436,1,1,438,162,600
4287,265,169,434,6,2,442,158,600
4288,257,164,421,4,0,425,175,600
4289,293,154,447,1,1,449,151,600
4290,238,154,392,4,1,397,167,564
4291,294,166,460,0,0,460,140,600
4292,318,140,458,2,2,462,138,600
4293,309,160,469,2,0,471,129,600
4294,325,148,473,3,5,481,119,600
4295,317,127,444,1,0,445,155,600
4296,323,139,462,3,0,465,135,600
4297,296,123,419,4,2,425,120,545
4298,309,86,395,2,0,397,103,500
4299,339,72,411,3,0,414,86,500
4300,306,62,368,0,0,368,93,461
4301,353,133,486,3,1,490,110,600
4302,348,136,484,3,1,488,112,600
4303,327,136,463,8,0,471,129,600
4304,320,144,464,3,1,468,132,600
4305,299,123,422,2,0,424,91,515
4306,347,126,473,4,3,480,120,600
4307,316,152,468,6,2,476,124,600
4308,339,131,470,5,2,477,123,600
4309,337,125,462,7,2,471,129,600
4310,331,137,468,7,1,476,124,600
4311,294,96,390,5,0,395,105,500
4312,289,101,390,1,0,391,109,500
4313,286,118,404,2,0,406,94,500
4314,284,105,389,7,1,397,103,500
4315,348,104,452,0,1,453,107,560
4316,280,159,439,1,1,441,159,600
4317,312,145,457,5,0,462,138,600
4318,286,179,465,3,2,470,130,600
4319,256,183,439,2,1,442,158,600
4320,287,133,420,2,0,422,128,550
4321,293,125,418,5,0,423,104,527
4322,39,14,53,0,0,53,35,88
4323,142,39,181,2,1,184,96,280
4324,216,86,302,0,0,302,125,427
4325,5,2,7,1,0,8,6,14
4326,312,131,443,2,1,446,154,600
4327,356,108,464,3,0,467,133,600
4328,355,104,459,4,0,463,137,600
4329,323,121,444,5,0,449,151,600
4330,347,112,459,2,0,461,139,600
4331,312,130,442,7,0,449,151,600
4332,330,113,443,3,2,448,152,600
4333,342,123,465,2,1,468,132,600
4334,327,128,455,5,1,461,139,600
4335,340,110,450,3,0,453,147,600
4336,323,122,445,3,3,451,149,600
4337,283,111,394,4,0,398,102,500
4338,341,116,457,1,0,458,122,580
4339,350,118,468,5,3,476,124,600
4340,338,131,469,7,1,477,123,600
4341,355,124,479,5,1,485,115,600
4342,311,140,451,6,2,459,141,600
4343,341,132,473,3,1,477,123,600
4344,331,110,441,1,1,443,107,550
4345,322,118,440,1,1,442,108,550
4346,277,96,373,4,3,380,110,490
4347,285,148,433,2,0,435,165,600
4348,339,136,475,2,3,480,120,600
4349,298,148,446,4,0,450,150,600
4350,222,145,367,2,2,371,129,500
4351,294,101,395,6,1,402,98,500
4352,247,107,354,8,0,362,110,472
4353,336,134,470,11,1,482,131,613
4354,231,111,342,3,0,345,105,450
4355,203,132,335,2,1,338,112,450
4356,228,119,347,3,0,350,88,438
4357,218,208,426,3,0,429,171,600
4358,252,165,417,5,0,422,178,600
4359,197,156,353,2,0,355,145,500
4360,215,165,380,5,0,385,132,517
4361,318,150,468,2,1,471,129,600
4362,307,146,453,5,0,458,142,600
4363,342,120,462,2,1,465,135,600
4364,303,148,451,4,0,455,145,600
4365,325,140,465,2,2,469,131,600
4366,275,121,396,3,1,400,100,500
4367,278,124,402,2,0,404,102,506
4368,299,151,450,4,0,454,146,600
4369,286,147,433,4,1,438,162,600
4370,280,143,423,6,1,430,170,600
4371,266,151,417,4,1,422,178,600
4372,279,146,425,5,1,431,169,600
4373,265,136,401,0,0,401,149,550
4374,259,126,385,1,0,386,164,550
4375,254,135,389,3,0,392,158,550
4376,242,128,370,3,1,374,163,537
4377,300,121,421,1,2,424,176,600
4378,304,149,453,7,2,462,138,600
4379,285,143,428,3,1,432,168,600
4380,295,108,403,3,0,406,144,550
4381,279,112,391,1,0,392,128,520
4382,335,108,443,3,0,446,154,600
4383,243,124,367,8,0,375,125,500
4384,253,120,373,1,1,375,125,500
4385,243,129,372,1,1,374,126,500
4386,340,87,427,3,1,431,117,548
4387,268,175,443,2,2,447,153,600
4388,255,159,414,4,0,418,182,600
4389,261,177,438,3,0,441,159,600
4390,261,174,435,4,0,439,161,600
4391,266,169,435,3,0,438,162,600
4392,252,175,427,2,2,431,169,600
4393,271,186,457,3,1,461,139,600
4394,288,178,466,4,1,471,129,600
4395,247,125,372,2,1,375,139,514
4396,254,110,364,1,1,366,134,500
4397,215,143,358,2,0,360,140,500
4398,233,150,383,1,0,384,116,500
4399,310,128,438,3,1,442,158,600
4400,268,153,421,1,0,422,178,600
4401,263,152,415,2,1,418,182,600
4402,299,130,429,2,2,433,167,600
4403,316,125,441,3,2,446,169,615
4404,334,129,463,3,2,468,132,600
4405,276,144,420,4,0,424,176,600
4406,305,162,467,2,2,471,129,600
4407,292,163,455,4,1,460,140,600
4408,273,159,432,4,2,438,162,600
4409,322,140,462,3,1,466,134,600
4410,343,110,453,1,3,457,143,600
4411,319,126,445,2,2,449,151,600
4412,269,122,391,3,2,396,105,501
4413,284,160,444,4,2,450,150,600
4414,289,152,441,6,2,449,151,600
4415,271,155,426,7,0,433,167,600
4416,249,129,378,1,1,380,120,500
4417,247,138,385,4,2,391,124,515
4418,265,169,434,4,0,438,162,600
4419,269,150,419,2,1,422,178,600
4420,253,173,426,0,0,426,174,600
4421,205,137,342,1,1,344,156,500
4422,229,124,353,0,1,354,146,500
4423,231,136,367,2,0,369,137,506
4424,208,142,350,3,1,354,146,500
4425,240,112,352,0,1,353,147,500
4426,268,123,391,3,0,394,133,527
4427,375,91,466,2,0,468,144,612
4428,58,21,79,0,0,79,45,124
4429,254,123,377,4,2,383,167,550
4430,215,126,341,2,1,344,176,520
4431,317,124,441,2,1,444,156,600
4432,259,99,358,0,1,359,141,500
4433,252,118,370,3,0,373,127,500
4434,255,150,405,5,0,410,152,562
4435,300,147,447,3,0,450,150,600
4436,300,121,421,4,0,425,175,600
4437,345,111,456,6,0,462,138,600
4438,309,139,448,4,0,452,148,600
4439,322,149,471,2,0,473,127,600
4440,320,131,451,1,1,453,147,600
4441,336,115,451,5,1,457,143,600
4442,327,117,444,5,1,450,150,600
4443,292,129,421,3,1,425,175,600
4444,302,127,429,1,0,430,170,600
4445,294,139,433,4,0,437,113,550
4446,289,136,425,2,0,427,123,550
4447,287,111,398,4,0,402,148,550
4448,262,139,401,8,1,410,140,550
4449,295,103,398,3,0,401,149,550
4450,310,102,412,3,1,416,129,545
4451,261,154,415,4,1,420,180,600
4452,274,135,409,3,0,412,188,600
4453,289,144,433,6,0,439,161,600
4454,282,126,408,3,0,411,189,600
4455,246,139,385,5,1,391,209,600
4456,270,136,406,2,2,410,190,600
4457,263,145,408,5,0,413,187,600
4458,284,130,414,3,0,417,183,600
4459,283,126,409,3,1,413,187,600
4460,279,145,424,5,0,429,171,600
4461,281,141,422,6,2,430,180,610
4462,300,118,418,7,0,425,185,610
4463,276,119,395,4,0,399,212,611
4464,294,145,439,3,0,442,158,600
4465,289,142,431,2,1,434,166,600
4466,329,136,465,1,0,466,134,600
4467,230,147,377,2,0,379,121,500
4468,237,123,360,1,0,361,139,500
4469,270,103,373,2,0,375,125,500
4470,286,100,386,2,0,388,112,500
4471,294,140,434,3,0,437,123,560
4472,270,121,391,3,0,394,106,500
4473,298,108,406,1,1,408,92,500
4474,241,114,355,2,0,357,92,449
4475,330,135,465,4,1,470,130,600
4476,341,122,463,3,2,468,132,600
4477,337,108,445,3,2,450,150,600
4478,268,101,369,6,0,375,125,500
4479,287,109,396,1,0,397,103,500
4480,265,126,391,6,2,399,101,500
4481,282,96,378,1,2,381,119,500
4482,267,113,380,5,0,385,116,501
4483,242,124,366,2,1,369,131,500
4484,227,138,365,2,0,367,133,500
4485,208,123,331,3,0,334,166,500
4486,200,146,346,5,1,352,148,500
4487,218,143,361,3,0,364,130,494
4488,302,110,412,6,0,418,156,574
4489,220,114,334,1,0,335,165,500
4490,234,89,323,4,0,327,123,450
4491,200,116,316,1,0,317,133,450
4492,236,105,341,1,0,342,125,467
4493,323,110,433,2,1,436,164,600
4494,349,110,459,8,2,469,131,600
4495,274,101,375,1,0,376,124,500
4496,256,92,348,7,0,355,145,500
4497,296,82,378,1,1,380,120,500
4498,277,79,356,4,0,360,164,524
4499,307,134,441,4,1,446,154,600
4500,321,123,444,1,0,445,155,600
4501,306,135,441,3,1,445,155,600
4502,329,131,460,4,1,465,135,600
4503,315,126,441,5,2,448,152,600
4504,341,114,455,6,2,463,137,600
4505,295,137,432,1,0,433,167,600
4506,314,127,441,4,1,446,154,600
4507,327,143,470,1,3,474,126,600
4508,272,98,370,7,1,378,122,500
4509,256,99,355,3,2,360,140,500
4510,276,98,374,3,1,378,122,500
4511,293,95,388,3,2,393,107,500
4512,333,93,426,1,1,428,116,544
4513,349,100,449,2,0,451,149,600
4514,252,114,366,2,2,370,130,500
4515,257,104,361,3,1,365,135,500
4516,278,107,385,5,0,390,110,500
4517,251,113,364,3,0,367,133,500
4518,294,85,379,3,0,382,127,509
4519,229,95,324,4,1,329,123,452
4520,228,94,322,3,1,326,124,450
4521,16,7,23,0,0,23,36,59
4522,23,9,32,0,2,34,62,96
4523,263,74,337,2,0,339,161,500
4524,261,85,346,3,3,352,148,500
4525,239,72,311,4,1,316,117,433
4526,185,65,250,8,0,258,92,350
4527,174,69,243,3,0,246,83,329
4528,260,93,353,1,0,354,146,500
4529,243,89,332,1,2,335,115,450
4530,246,95,341,4,1,346,104,450
4531,258,70,328,4,1,333,116,449
4532,365,92,457,4,0,461,139,600
4533,351,100,451,3,1,455,145,600
4534,341,99,440,1,0,441,159,600
4535,345,104,449,3,1,453,147,600
4536,336,104,440,0,2,442,158,600
4537,386,79,465,2,0,467,133,600
4538,318,92,410,5,2,417,183,600
4539,317,109,426,1,1,428,172,600
4540,355,100,455,2,1,458,142,600
4541,339,109,448,3,1,452,148,600
4542,312,73,385,1,0,386,114,500
4543,296,77,373,0,0,373,127,500
4544,286,86,372,2,0,374,126,500
4545,348,51,399,2,0,401,99,500
4546,349,88,437,1,1,439,108,547
4547,333,114,447,4,0,451,149,600
4548,320,138,458,4,1,463,137,600
4549,364,91,455,2,0,457,143,600
4550,347,111,458,3,0,461,139,600
4551,362,119,481,4,1,486,114,600
4552,309,124,433,3,0,436,164,600
4553,315,121,436,4,1,441,159,600
4554,338,112,450,3,2,455,145,600
4555,281,96,377,2,1,380,120,500
4556,271,86,357,2,1,360,140,500
4557,324,102,426,4,2,432,140,572
4558,316,126,442,6,2,450,150,600
4559,347,123,470,2,1,473,127,600
4560,364,106,470,7,0,477,123,600
4561,277,100,377,8,0,385,115,500
4562,261,120,381,4,1,386,114,500
4563,272,111,383,4,0,387,113,500
4564,345,82,427,3,1,431,95,526
4565,353,104,457,6,1,464,136,600
4566,359,123,482,6,1,489,111,600
4567,348,107,455,4,1,460,140,600
4568,355,103,458,6,1,465,135,600
4569,336,123,459,4,2,465,135,600
4570,356,119,475,6,0,481,119,600
4571,310,122,432,10,0,442,158,600
4572,312,126,438,1,0,439,161,600
4573,321,131,452,4,2,458,142,600
4574,353,114,467,4,3,474,126,600
4575,345,117,462,3,2,467,133,600
4576,279,102,381,2,1,384,116,500
4577,283,99,382,3,2,387,113,500
4578,294,83,377,11,0,388,112,500
4579,326,83,409,2,0,411,109,520
4580,348,149,497,4,1,502,98,600
4581,376,104,480,1,1,482,118,600
4582,290,98,388,3,0,391,109,500
4583,315,95,410,3,1,414,86,500
4584,318,86,404,1,0,405,102,507
4585,262,163,425,4,0,429,171,600
4586,301,130,431,4,0,435,165,600
4587,289,139,428,3,2,433,167,600
4588,329,128,457,3,0,460,140,600
4589,252,168,420,2,0,422,178,600
4590,306,148,454,2,1,457,143,600
4591,300,153,453,2,1,456,144,600
4592,304,146,450,5,0,455,145,600
4593,315,106,421,5,0,426,130,556
4594,311,135,446,4,1,451,149,600
4595,319,136,455,2,0,457,143,600
4596,326,138,464,2,0,466,134,600
4597,320,115,435,3,2,440,160,600
4598,321,125,446,1,1,448,152,600
4599,314,146,460,2,0,462,138,600
4600,311,122,433,4,0,437,163,600
4601,300,139,439,4,1,444,156,600
4602,304,143,447,5,0,452,148,600
4603,320,110,430,1,0,431,169,600
4604,312,130,442,2,0,444,156,600
4605,333,121,454,2,2,458,142,600
4606,296,141,437,2,1,440,160,600
4607,306,118,424,3,0,427,173,600
4608,317,122,439,3,1,443,157,600
4609,284,175,459,4,0,463,137,600
4610,335,112,447,2,1,450,150,600
4611,318,144,462,4,1,467,133,600
4612,323,135,458,2,2,462,138,600
4613,293,162,455,2,1,458,142,600
4614,334,135,469,3,0,472,128,600
4615,313,151,464,5,1,470,130,600
4616,329,139,468,3,0,471,129,600
4617,316,141,457,2,0,459,141,600
4618,345,100,445,3,1,449,151,600
4619,238,122,360,2,2,364,136,500
4620,291,91,382,4,0,386,114,500
4621,266,98,364,2,0,366,131,497
4622,231,145,376,1,1,378,122,500
4623,216,123,339,0,0,339,111,450
4624,199,137,336,4,1,341,109,450
4625,230,150,380,0,0,380,112,492
4626,326,124,450,6,0,456,144,600
4627,317,135,452,1,0,453,147,600
4628,326,137,463,2,1,466,134,600
4629,317,141,458,1,0,459,141,600
4630,263,119,382,1,1,384,116,500
4631,294,119,413,3,1,417,154,571
4632,20,20,40,0,0,40,50,90
4633,138,166,304,6,1,311,189,500
4634,146,157,303,1,3,307,193,500
4635,149,155,304,1,0,305,195,500
4636,141,171,312,0,0,312,188,500
4637,120,132,252,4,3,259,200,459
4638,7,5,12,0,0,12,27,39
4639,19,14,33,0,0,33,70,103
4640,111,159,270,4,0,274,226,500
4641,90,178,268,3,0,271,229,500
4642,103,162,265,5,2,272,228,500
4643,86,167,253,4,0,257,247,504
4644,64,157,221,2,1,224,133,357
4645,43,34,77,2,0,79,62,141
4646,58,123,181,4,0,185,165,350
4647,44,120,164,1,1,166,157,323
4648,87,171,258,3,2,263,282,545
4649,71,162,233,2,2,237,263,500
4650,66,158,224,1,2,227,290,517
4651,91,208,299,1,1,301,235,536
4661,161,161,322,4,0,326,174,500
4662,148,186,334,1,1,336,164,500
4663,155,190,345,2,0,347,210,557
4664,55,61,116,2,3,121,99,220
4665,56,52,108,0,0,108,73,181
4681,153,222,375,0,1,376,224,600
4682,126,223,349,4,0,353,247,600
4683,159,217,376,5,2,383,217,600
4684,140,205,345,2,0,347,203,550
4685,144,226,370,1,1,372,194,566
4686,74,196,270,3,1,274,161,435
4687,90,163,253,2,1,256,180,436
4688,96,241,337,1,3,341,203,544
4689,147,212,359,1,0,360,218,578
4690,145,196,341,5,0,346,231,577
4691,115,233,348,2,1,351,199,550
4692,136,227,363,3,1,367,220,587
4693,106,147,253,1,0,254,116,370
4701,92,138,230,1,0,231,126,357
4702,81,165,246,3,0,249,126,375
4703,58,171,229,0,0,229,121,350
4704,61,129,190,2,2,194,86,280
4705,103,209,312,3,0,315,180,495
4706,136,178,314,4,1,319,152,471
4707,27,94,121,0,1,122,42,164
4708,83,96,179,1,1,181,81,262
4709,69,101,170,1,0,171,242,413
4710,55,25,80,2,0,82,86,168
4711,19,48,67,0,0,67,124,191
4712,243,135,378,3,1,382,218,600
4714,254,127,381,4,0,385,215,600
4715,245,135,380,4,0,384,216,600
4716,249,131,380,1,0,381,219,600
4741,248,134,382,2,0,384,216,600
4742,250,129,379,0,0,379,221,600
4743,246,120,366,0,1,367,233,600
4744,272,117,389,1,1,391,209,600
4745,184,122,306,2,0,308,192,500
4746,201,112,313,1,0,314,236,550
4747,226,90,316,1,0,317,183,500
4748,202,128,330,0,1,331,169,500
4749,252,134,386,2,0,388,197,585
4750,152,169,321,3,0,324,276,600
4751,159,176,335,4,1,340,260,600
4752,139,161,300,4,0,304,296,600
4753,148,175,323,5,1,329,271,600
4754,139,179,318,4,0,322,278,600
4755,123,190,313,5,1,319,281,600
4756,170,163,333,2,0,335,265,600
4757,191,139,330,4,0,334,266,600
4758,173,163,336,1,1,338,262,600
4759,139,166,305,1,1,307,293,600
4760,160,145,305,4,1,310,290,600
4652,109,175,284,2,1,287,213,500
4653,110,185,295,2,4,301,199,500
4654,142,170,312,3,0,315,215,530
4655,68,56,124,1,0,125,55,180
4656,68,146,214,3,1,218,193,411
4657,58,162,220,2,0,222,188,410
4658,178,170,348,6,2,356,244,600
4659,191,195,386,6,1,393,207,600
4660,183,205,388,3,0,391,209,600
4666,174,134,308,4,1,313,171,484
4667,47,33,80,1,0,81,58,139
4668,95,264,359,3,2,364,253,617
4669,115,94,209,1,2,212,138,350
4670,94,93,187,1,1,189,145,334
4671,23,23,46,0,0,46,46,92
4672,14,16,30,0,0,30,27,57
4673,37,86,123,2,0,125,109,234
4674,8,4,12,1,0,13,13,26
4675,124,244,368,4,1,373,227,600
4676,112,184,296,4,0,300,200,500
4677,115,173,288,3,0,291,209,500
4678,128,183,311,3,1,315,185,500
4679,130,170,300,2,1,303,221,524
4680,117,265,382,4,2,388,212,600
4694,8,52,60,2,0,62,35,97
4695,169,220,389,3,1,393,207,600
4696,172,207,379,4,0,383,217,600
4697,161,214,375,4,0,379,173,552
4698,138,222,360,5,1,366,184,550
4699,31,77,108,1,0,109,66,175
4700,167,220,387,4,0,391,187,578
4713,270,113,383,2,0,385,215,600
4717,270,113,383,5,1,389,211,600
4718,204,116,320,0,0,320,180,500
4719,211,109,320,1,0,321,179,500
4720,218,107,325,2,1,328,172,500
4721,214,115,329,2,0,331,169,500
4722,201,115,316,2,0,318,182,500
4723,270,115,385,5,0,390,183,573
4724,107,92,199,1,0,200,178,378
4725,110,85,195,2,0,197,181,378
4726,69,69,138,3,0,141,284,425
4727,4,15,19,0,0,19,12,31
4728,152,110,262,3,0,265,185,450
4729,141,117,258,0,0,258,192,450
4730,121,118,239,1,0,240,159,399
4731,150,171,321,3,0,324,276,600
4732,131,159,290,4,0,294,306,600
4733,113,158,271,1,0,272,328,600
4734,168,130,298,4,0,302,298,600
4735,144,154,298,2,0,300,300,600
4736,111,183,294,3,0,297,303,600
4737,119,116,235,3,0,238,262,500
4738,113,147,260,3,0,263,237,500
4739,118,151,269,4,0,273,326,599
4740,257,121,378,1,1,380,220,600
4761,154,170,324,6,0,330,270,600
4762,132,174,306,4,0,310,290,600
4763,135,138,273,2,0,275,225,500
4764,132,141,273,4,1,278,222,500
4765,123,161,284,4,0,288,212,500
4766,133,126,259,0,1,260,240,500
4767,140,158,298,1,0,299,201,500
4768,175,160,335,1,1,337,248,585
4769,7,19,26,0,0,26,37,63
4770,70,48,118,0,0,118,100,218
4771,243,144,387,0,0,387,213,600
4772,226,153,379,2,1,382,218,600
4773,233,119,352,2,0,354,246,600
4774,235,132,367,1,0,368,232,600
4775,198,109,307,6,0,313,187,500
4776,226,123,349,3,0,352,198,550
4777,197,126,323,4,0,327,173,500
4778,191,135,326,1,1,328,172,500
4779,228,151,379,3,0,382,204,586
4780,39,66,105,5,0,110,153,263
4781,250,123,373,2,1,376,224,600
4782,255,99,354,1,1,356,204,560
4783,213,134,347,1,0,348,202,550
4784,21,29,50,0,0,50,39,89
4785,231,159,390,2,2,394,224,618
4786,194,208,402,0,0,402,216,618
4787,98,174,272,1,1,274,208,482
4788,130,88,218,2,0,220,140,360
4789,21,52,73,1,0,74,41,115
4790,130,163,293,5,1,299,218,517
4791,95,161,256,5,0,261,255,516
4792,186,101,287,0,0,287,274,561
4793,170,105,275,2,0,277,273,550
4794,155,126,281,0,1,282,268,550
4795,78,147,225,1,0,226,146,372
4796,167,106,273,4,0,277,262,539
4797,137,124,261,4,0,265,235,500
4798,75,121,196,1,0,197,148,345
4799,311,119,430,0,0,430,170,600
4800,298,133,431,0,0,431,169,600
4801,266,148,414,1,0,415,185,600
4802,287,104,391,0,0,391,209,600
4803,283,136,419,3,0,422,178,600
4804,311,110,421,2,1,424,176,600
4805,299,132,431,3,1,435,165,600
4806,291,107,398,1,0,399,201,600
4807,282,117,399,3,1,403,197,600
4808,310,104,414,2,0,416,184,600
4809,293,124,417,6,1,424,176,600
4810,280,97,377,0,0,377,173,550
4811,257,105,362,3,1,366,184,550
4812,268,115,383,2,2,387,175,562
4813,144,99,243,4,0,247,130,377
4814,204,107,311,10,2,323,225,548
4815,91,96,187,2,0,189,204,393
4816,209,150,359,5,0,364,236,600
4817,220,154,374,4,0,378,222,600
4818,211,137,348,4,2,354,246,600
4819,238,126,364,2,0,366,234,600
4820,192,117,309,6,1,316,284,600
4821,197,148,345,4,0,349,251,600
4822,208,131,339,5,1,345,255,600
4823,202,105,307,2,1,310,240,550
4824,192,141,333,2,0,335,251,586
4825,160,80,240,8,0,248,167,415
4826,142,144,286,11,0,297,153,450
4827,149,118,267,3,0,270,153,423
4828,89,122,211,3,0,214,173,387
4829,59,123,182,1,0,183,167,350
4830,42,19,61,2,0,63,57,120
4831,76,44,120,2,0,122,107,229
4832,162,120,282,6,1,289,147,436
4833,43,61,104,0,0,104,68,172
4834,156,130,286,2,0,288,178,466
4835,147,132,279,4,1,284,166,450
4836,178,99,277,1,1,279,149,428
4837,214,69,283,7,2,292,136,428
4838,19,12,31,0,0,31,19,50
4839,160,97,257,3,0,260,117,377
4840,245,126,371,6,0,377,224,601
4841,39,22,61,0,1,62,35,97
4842,15,6,21,0,0,21,8,29
4843,114,63,177,0,0,177,195,372
4844,76,95,171,0,1,172,165,337
4845,79,91,170,2,0,172,165,337
4846,212,99,311,0,0,311,160,471
4847,200,107,307,0,0,307,153,460
4848,203,72,275,3,3,281,179,460
4849,28,15,43,1,0,44,22,66
4850,115,159,274,7,0,281,166,447
4851,210,106,316,1,1,318,144,462
4852,78,70,148,2,2,152,147,299
4853,178,105,283,1,0,284,104,388
4854,53,62,115,2,1,118,72,190
4855,71,73,144,2,1,147,129,276
4856,103,117,220,1,0,221,156,377
4857,87,119,206,0,1,207,143,350
4858,148,107,255,5,0,260,177,437
4859,129,91,220,1,1,222,178,400
4860,61,40,101,1,2,104,56,160
4861,116,113,229,7,0,236,114,350
4862,153,152,305,5,0,310,211,521
4863,113,69,182,2,0,184,93,277
4864,221,84,305,0,1,306,175,481
4865,47,48,95,2,1,98,48,146
4866,87,117,204,4,2,210,142,352
4867,252,186,438,4,1,443,183,626
4868,73,61,134,4,0,138,111,249
4869,15,53,68,1,0,69,46,115
4870,140,57,197,3,0,200,145,345
4871,49,26,75,1,0,76,92,168
4872,27,37,64,0,0,64,27,91
4873,104,48,152,1,1,154,137,291
4874,161,233,394,0,1,395,249,644
4875,186,70,256,2,0,258,111,369
4876,58,32,90,2,1,93,40,133
4877,116,78,194,0,0,194,88,282
4878,94,187,281,4,1,286,147,433
4879,94,78,172,3,1,176,156,332
4880,143,66,209,4,2,215,104,319
4881,148,76,224,3,0,227,206,433
4882,137,98,235,3,0,238,195,433
4883,127,87,214,3,1,218,216,434
4884,83,103,186,5,0,191,192,383
4885,27,19,46,1,0,47,45,92
4886,47,22,69,0,0,69,52,121
4887,148,157,305,5,0,310,240,550
4888,132,97,229,3,0,232,268,500
4889,127,113,240,7,0,247,253,500
4890,128,118,246,7,0,253,247,500
4891,109,112,221,3,0,224,229,453
4892,9,16,25,0,0,25,31,56
4893,84,63,147,2,0,149,91,240
4894,144,113,257,5,0,262,175,437
4895,61,51,112,0,1,113,56,169
4896,65,40,105,2,0,107,73,180
4897,86,47,133,1,0,134,120,254
4898,80,39,119,3,0,122,133,255
4899,95,33,128,2,2,132,61,193
4900,202,82,284,4,2,290,147,437
4901,194,60,254,6,2,262,138,400
4902,66,70,136,3,0,139,56,195
4903,11,24,35,1,0,36,29,65
4904,29,23,52,2,0,54,16,70
4905,242,125,367,1,0,368,232,600
4906,257,133,390,4,0,394,206,600
4907,274,109,383,3,0,386,214,600
4908,264,125,389,4,0,393,207,600
4909,251,128,379,1,0,380,220,600
4910,198,143,341,4,0,345,255,600
4911,275,117,392,2,1,395,205,600
4912,230,104,334,6,0,340,260,600
4913,240,133,373,2,0,375,225,600
4914,240,135,375,3,0,378,222,600
4915,239,119,358,4,0,362,238,600
4916,200,128,328,3,0,331,269,600
4917,227,127,354,5,0,359,241,600
4918,191,119,310,2,0,312,238,550
4919,248,100,348,0,0,348,202,550
4920,243,100,343,0,0,343,207,550
4921,218,104,322,1,1,324,226,550
4922,195,122,317,2,0,319,231,550
4923,235,107,342,2,0,344,206,550
4924,229,98,327,2,0,329,224,553
4925,182,89,271,1,0,272,178,450
4926,210,75,285,1,0,286,164,450
4927,187,67,254,3,1,258,166,424
4928,181,74,255,3,0,258,233,491
4929,198,90,288,5,0,293,197,490
4930,130,93,223,3,0,226,139,365
4931,110,97,207,1,0,208,156,364
4932,212,131,343,2,1,346,234,580
4933,115,54,169,1,1,171,155,326
4934,121,51,172,3,0,175,150,325
4935,6,18,24,2,0,26,19,45
4936,145,61,206,2,0,208,123,331
4937,155,61,216,3,1,220,111,331
4938,179,68,247,2,1,250,195,445
4939,4,1,5,0,0,5,10,15
4940,168,112,280,3,0,283,230,513
4941,124,102,226,1,0,227,168,395
4942,135,129,264,4,1,269,219,488
4943,103,139,242,2,1,245,243,488
4944,158,136,294,8,0,302,249,551
4945,139,153,292,4,0,296,255,551
4946,152,97,249,2,0,251,249,500
4947,142,77,219,6,0,225,275,500
4948,166,82,248,4,0,252,271,523
4949,122,114,236,1,1,238,189,427
4950,124,89,213,1,0,214,173,387
4951,111,114,225,1,0,226,124,350
4952,110,79,189,1,1,191,152,343
4953,102,72,174,9,1,184,198,382
4954,37,43,80,2,2,84,113,197
4955,20,27,47,2,1,50,42,92
4956,140,70,210,4,0,214,212,426
4957,118,96,214,3,0,217,305,522
4958,130,95,225,3,1,229,164,393
4959,165,77,242,3,1,246,147,393
4960,98,122,220,2,0,222,177,399
4961,119,108,227,4,1,232,198,430
4962,186,90,276,3,1,280,212,492
4963,145,78,223,1,0,224,141,365
4964,148,93,241,1,0,242,122,364
4965,256,93,349,4,0,353,247,600
4966,259,80,339,4,0,343,207,550
4967,196,102,298,4,0,302,198,500
4968,171,113,284,5,0,289,211,500
4969,202,79,281,2,1,284,241,525
4970,89,112,201,2,0,203,101,304
4971,74,103,177,3,0,180,229,409
4972,58,71,129,3,0,132,112,244
4973,60,158,218,2,3,223,179,402
4974,66,21,87,2,1,90,60,150
4975,14,9,23,0,0,23,24,47
4976,10,11,21,0,0,21,26,47
4977,220,78,298,2,0,300,200,500
4978,212,91,303,5,0,308,192,500
4979,231,83,314,4,0,318,182,500
4980,194,83,277,4,0,281,214,495
4981,169,56,225,1,0,226,138,364
4982,72,75,147,4,0,151,196,347
4983,167,124,291,8,0,299,182,481
4984,168,97,265,5,0,270,160,430
4985,168,113,281,7,0,288,141,429
4986,166,83,249,0,0,249,180,429
4987,124,86,210,5,0,215,179,394
4988,122,82,204,1,2,207,187,394
4989,196,106,302,4,1,307,293,600
4990,175,121,296,1,0,297,303,600
4991,197,110,307,4,2,313,287,600
4992,223,92,315,9,1,325,224,549
4993,139,74,213,8,1,222,178,400
4994,138,70,208,2,2,212,147,359
4995,145,75,220,5,0,225,263,488
4996,151,134,285,2,0,287,126,413
4997,183,170,353,0,0,353,247,600
4998,198,118,316,0,0,316,234,550
4999,186,127,313,0,1,314,236,550
5000,194,107,301,5,0,306,244,550
5001,187,115,302,0,0,302,248,550
5002,189,109,298,0,0,298,252,550
5003,181,145,326,0,0,326,224,550
5004,233,128,361,3,0,364,186,550
5005,180,122,302,4,1,307,261,568
5006,61,53,114,0,0,114,110,224
5007,32,63,95,3,0,98,68,166
5008,49,20,69,1,0,70,56,126
5009,69,93,162,4,0,166,164,330
5010,118,77,195,0,0,195,136,331
5011,105,141,246,1,0,247,303,550
5012,109,167,276,3,0,279,274,553
5013,68,38,106,2,0,108,114,222
5014,65,84,149,2,0,151,92,243
5015,63,59,122,1,0,123,161,284
5016,47,8,55,0,0,55,12,67
5017,217,175,392,0,0,392,188,580
5018,219,168,387,2,1,390,189,579
5019,226,130,356,3,1,360,219,579
5020,123,107,230,4,1,235,155,390
5021,239,179,418,2,1,421,179,600
5022,264,152,416,1,1,418,182,600
5023,241,148,389,2,4,395,205,600
5024,249,151,400,8,0,408,163,571
5025,65,31,96,1,0,97,94,191
5026,29,23,52,1,0,53,57,110
5027,155,228,383,3,1,387,207,594
5028,52,61,113,4,0,117,61,178
5029,241,104,345,3,0,348,202,550
5030,217,108,325,3,1,329,221,550
5031,212,112,324,4,0,328,222,550
5032,244,81,325,3,2,330,220,550
5033,218,89,307,3,1,311,239,550
5034,215,104,319,1,0,320,230,550
5035,241,107,348,3,0,351,199,550
5036,198,129,327,5,0,332,218,550
5037,198,89,287,2,0,289,252,541
5038,36,90,126,4,0,130,86,216
5039,94,219,313,6,1,320,313,633
5040,212,164,376,2,0,378,226,604
5041,188,132,320,3,0,323,282,605
5042,149,145,294,2,1,297,253,550
5043,180,127,307,1,0,308,263,571
5044,211,93,304,6,0,310,190,500
5045,211,94,305,1,0,306,203,509
5046,221,125,346,4,0,350,250,600
5047,160,163,323,1,1,325,275,600
5048,207,160,367,5,0,372,228,600
5049,178,131,309,3,0,312,238,550
5050,197,136,333,2,1,336,214,550
5051,196,141,337,3,1,341,237,578
5052,152,86,238,1,0,239,201,440
5053,141,132,273,2,1,276,165,441
5054,117,224,341,1,1,343,215,558
5055,182,122,304,2,0,306,294,600
5056,128,193,321,2,0,323,277,600
5057,144,141,285,4,1,290,260,550
5058,149,161,310,2,0,312,238,550
5059,143,167,310,0,0,310,248,558
5060,126,81,207,4,2,213,232,445
5061,60,39,99,0,0,99,71,170
5062,91,91,182,2,1,185,204,389
5063,123,102,225,2,1,228,194,422
5064,5,4,9,0,0,9,21,30
5065,153,164,317,3,0,320,277,597
5066,160,154,314,1,1,316,281,597
5067,145,166,311,1,0,312,285,597
5068,152,165,317,5,0,322,275,597
5069,155,157,312,1,0,313,284,597
5070,153,110,263,8,1,272,293,565
5071,143,120,263,8,0,271,293,564
5072,136,101,237,2,0,239,156,395
5073,93,46,139,0,0,139,187,326
5074,138,248,386,0,0,386,147,533
5075,74,57,131,1,0,132,106,238
5076,89,84,173,1,0,174,143,317
5077,234,131,365,3,1,369,231,600
5078,173,154,327,2,1,330,270,600
5079,208,151,359,4,1,364,236,600
5080,188,141,329,2,0,331,269,600
5081,245,127,372,0,0,372,228,600
5082,225,138,363,1,0,364,236,600
5083,202,144,346,3,0,349,251,600
5084,208,152,360,2,0,362,238,600
5085,187,174,361,2,3,366,234,600
5086,189,170,359,1,0,360,240,600
5087,206,155,361,2,1,364,236,600
5088,209,148,357,2,0,359,247,606
5089,78,167,245,3,1,249,229,478
5090,140,104,244,6,2,252,222,474
5091,31,24,55,0,0,55,60,115
5092,130,83,213,1,0,214,155,369
5093,193,160,353,8,0,361,186,547
5094,162,157,319,3,0,322,225,547
5095,171,145,316,0,1,317,230,547
5096,181,125,306,3,1,310,235,545
5097,208,170,378,0,0,378,185,563
5098,186,180,366,2,1,369,194,563
5099,194,152,346,5,0,351,212,563
5100,198,151,349,2,0,351,212,563
5101,185,171,356,0,0,356,207,563
5102,194,158,352,3,3,358,202,560
5103,15,4,19,2,0,21,4,25
5104,67,156,223,2,0,225,275,500
5105,49,202,251,4,1,256,244,500
5106,49,155,204,0,1,205,302,507
5107,65,140,205,0,0,205,120,325
5108,138,68,206,2,0,208,167,375
5109,44,27,71,1,0,72,40,112
5110,121,95,216,3,0,219,161,380
5111,105,116,221,0,0,221,164,385
5112,90,66,156,2,0,158,165,323
5113,31,4,35,1,0,36,63,99
5114,62,140,202,4,0,206,219,425
5115,54,154,208,4,1,213,211,424
5116,76,136,212,0,0,212,188,400
5117,96,82,178,2,0,180,173,353
5118,47,30,77,0,1,78,62,140
5119,211,144,355,0,0,355,195,550
5120,239,127,366,0,3,369,181,550
5121,204,123,327,2,2,331,219,550
5122,230,119,349,4,0,353,197,550
5123,187,140,327,4,0,331,219,550
5124,215,129,344,6,1,351,199,550
5125,185,146,331,5,0,336,214,550
5126,198,136,334,3,0,337,213,550
5127,217,140,357,2,0,359,205,564
5128,32,24,56,1,1,58,78,136
5129,74,116,190,4,1,195,205,400
5130,61,124,185,3,0,188,220,408
5131,142,166,308,4,1,313,237,550
5132,130,166,296,3,2,301,257,558
5133,50,35,85,1,0,86,76,162
5134,19,9,28,0,0,28,28,56
5135,12,5,17,0,0,17,17,34
5136,99,47,146,3,2,151,162,313
5137,49,15,64,0,0,64,35,99
5138,81,57,138,0,0,138,71,209
5139,81,36,117,1,1,119,90,209
5140,122,110,232,2,0,234,121,355
5141,149,59,208,1,0,209,68,277
5142,77,35,112,1,0,113,46,159
5143,136,130,266,0,0,266,200,466
5144,161,76,237,0,1,238,174,412
5145,21,5,26,0,0,26,23,49
5146,188,99,287,4,0,291,173,464
5147,132,90,222,3,0,225,175,400
5148,131,97,228,2,0,230,170,400
5149,154,126,280,4,0,284,209,493
5150,94,112,206,3,1,210,113,323
5151,127,113,240,1,0,241,109,350
5152,86,92,178,4,1,183,147,330
5153,93,89,182,7,0,189,123,312
5154,14,27,41,1,0,42,65,107
5155,47,28,75,0,0,75,53,128
5156,61,71,132,1,1,134,39,173
5157,74,123,197,2,0,199,115,314
5158,279,138,417,0,0,417,183,600
5159,223,170,393,2,1,396,204,600
5160,249,174,423,1,0,424,176,600
5161,250,167,417,4,0,421,179,600
5162,277,151,428,0,0,428,172,600
5163,212,169,381,8,0,389,211,600
5164,248,148,396,6,0,402,198,600
5165,247,167,414,1,0,415,185,600
5166,217,123,340,3,1,344,156,500
5167,235,126,361,4,0,365,135,500
5168,231,123,354,3,0,357,143,500
5169,212,146,358,4,1,363,156,519
5170,24,30,54,0,0,54,21,75
5171,114,90,204,0,0,204,78,282
5172,9,8,17,1,0,18,13,31
5173,231,150,381,3,0,384,196,580
5174,81,83,164,2,1,167,59,226
5175,167,235,402,2,0,404,185,589
5176,56,42,98,0,0,98,46,144
5177,101,68,169,0,0,169,68,237
5178,67,49,116,0,0,116,48,164
5179,255,153,408,1,1,410,165,575
5180,243,176,419,2,1,422,154,576
5181,9,21,30,0,0,30,24,54
5182,70,22,92,0,1,93,19,112
5183,208,113,321,4,0,325,161,486
5184,228,116,344,0,1,345,140,485
5185,144,87,231,1,0,232,115,347
5186,165,32,197,0,0,197,155,352
5187,47,21,68,1,0,69,28,97
5188,107,21,128,0,1,129,63,192
5189,18,13,31,0,0,31,58,89
5190,252,137,389,3,1,393,201,594
5191,86,121,207,4,0,211,103,314
5192,169,138,307,0,0,307,193,500
5193,196,116,312,4,0,316,184,500
5194,247,136,383,1,1,385,184,569
5195,13,11,24,1,0,25,35,60
5196,221,115,336,2,2,340,120,460
5197,266,76,342,0,1,343,117,460
5198,251,83,334,6,0,340,120,460
5199,246,98,344,1,0,345,142,487
5200,9,4,13,0,0,13,11,24
5201,221,67,288,0,2,290,110,400
5202,233,106,339,1,1,341,154,495
5203,35,26,61,0,0,61,34,95
5204,79,174,253,4,2,259,117,376
5205,118,21,139,2,0,141,70,211
5206,89,35,124,5,0,129,69,198
5207,64,20,84,2,0,86,78,164
5208,69,33,102,0,0,102,60,162
5209,75,18,93,0,0,93,64,157
5210,145,219,364,7,0,371,137,508
5211,162,179,341,5,0,346,163,509
5212,109,152,261,2,0,263,180,443
5213,42,16,58,0,0,58,47,105
5214,68,11,79,0,0,79,54,133
5215,170,69,239,2,0,241,107,348
5216,61,36,97,0,0,97,65,162
5217,76,77,153,2,0,155,118,273
5218,72,30,102,3,1,106,46,152
5219,92,39,131,2,0,133,98,231
5220,168,137,305,3,4,312,183,495
5221,71,60,131,2,0,133,140,273
5222,35,28,63,0,1,64,57,121
5223,68,28,96,2,1,99,76,175
5224,81,40,121,2,0,123,64,187
5225,18,106,124,2,0,126,74,200
5226,177,130,307,1,0,308,292,600
5227,195,104,299,3,0,302,298,600
5228,170,117,287,4,1,292,258,550
5229,190,100,290,3,0,293,257,550
5230,167,119,286,2,0,288,262,550
5231,184,120,304,0,0,304,246,550
5232,162,111,273,1,0,274,276,550
5233,183,109,292,1,1,294,256,550
5234,146,159,305,3,1,309,265,574
5235,71,67,138,1,1,140,168,308
5236,45,70,115,1,1,117,206,323
5237,31,47,78,1,0,79,115,194
5238,56,14,70,0,0,70,56,126
5239,52,154,206,1,0,207,224,431
5240,91,94,185,3,0,188,239,427
5241,91,91,182,1,0,183,245,428
5242,72,166,238,4,1,243,257,500
5243,80,163,243,0,1,244,256,500
5244,61,140,201,2,2,205,295,500
5245,66,128,194,2,0,196,304,500
5246,93,202,295,1,1,297,292,589
5247,8,39,47,0,0,47,34,81
5248,15,79,94,0,0,94,107,201
5249,53,161,214,4,0,218,187,405
5250,21,35,56,0,0,56,88,144
5251,28,74,102,2,1,105,68,173
5252,162,108,270,3,1,274,249,523
5253,43,56,99,1,0,100,48,148
5254,9,17,26,0,1,27,74,101
5255,69,141,210,2,0,212,238,450
5256,56,154,210,0,0,210,240,450
5257,66,139,205,0,0,205,242,447
5258,342,104,446,2,0,448,152,600
5259,333,87,420,1,0,421,179,600
5260,335,81,416,2,0,418,132,550
5261,314,89,403,1,0,404,148,552
5262,156,13,169,1,0,170,85,255
5263,102,60,162,1,0,163,112,275
5264,101,102,203,4,2,209,91,300
5265,124,116,240,1,0,241,147,388
5266,64,23,87,1,0,88,94,182
5267,54,30,84,1,2,87,55,142
5268,197,35,232,3,1,236,86,322
5269,40,42,82,0,0,82,33,115
5270,82,15,97,0,0,97,76,173
5271,30,27,57,1,0,58,35,93
5272,131,19,150,3,0,153,104,257
5273,100,165,265,6,1,272,107,379
5274,141,62,203,4,0,207,94,301
5275,86,22,108,1,0,109,45,154
5276,190,29,219,1,1,221,155,376
5277,260,116,376,3,1,380,220,600
5278,255,120,375,7,1,383,217,600
5279,262,135,397,2,1,400,200,600
5280,267,105,372,0,2,374,216,590
5281,7,83,90,1,0,91,83,174
5282,252,130,382,2,1,385,165,550
5283,214,122,336,1,0,337,213,550
5284,237,122,359,4,0,363,187,550
5285,216,129,345,3,0,348,202,550
5286,236,104,340,2,0,342,208,550
5287,208,132,340,0,0,340,213,553
5288,201,122,323,4,0,327,173,500
5289,199,111,310,4,0,314,186,500
5290,224,98,322,3,2,327,173,500
5291,181,94,275,1,1,277,155,432
5292,108,139,247,2,0,249,150,399
5293,113,226,339,3,0,342,282,624
5294,18,27,45,0,0,45,59,104
5295,61,74,135,2,0,137,133,270
5296,98,96,194,1,1,196,233,429
5297,93,79,172,4,0,176,252,428
5298,70,72,142,4,0,146,124,270
5299,36,99,135,2,0,137,202,339
5300,50,84,134,3,1,138,200,338
5301,52,49,101,2,1,104,126,230
5302,112,91,203,1,1,205,216,421
5303,96,119,215,4,0,219,202,421
5304,45,176,221,1,0,222,221,443
5305,51,190,241,2,0,243,200,443
5306,160,107,267,3,0,270,122,392
5307,152,96,248,3,1,252,140,392
5308,132,100,232,0,0,232,132,364
5309,227,135,362,2,0,364,236,600
5310,187,131,318,2,1,321,279,600
5311,223,120,343,4,0,347,253,600
5312,214,138,352,3,0,355,233,588
5313,88,84,172,1,0,173,162,335
5314,101,71,172,1,0,173,161,334
5315,47,13,60,1,0,61,28,89
5316,29,22,51,0,0,51,46,97
5317,23,2,25,0,0,25,24,49
5318,136,48,184,3,0,187,163,350
5319,126,61,187,3,0,190,164,354
5320,151,142,293,2,0,295,129,424
5321,41,6,47,1,0,48,26,74
5322,152,77,229,2,0,231,162,393
5323,61,5,66,0,1,67,31,98
5324,95,34,129,3,1,133,122,255
5325,16,8,24,0,2,26,32,58
5326,176,108,284,2,2,288,135,423
5327,37,198,235,1,0,236,181,417
5328,85,32,117,3,1,121,65,186
5329,151,38,189,1,0,190,94,284
5330,52,108,160,2,0,162,94,256
5331,18,2,20,0,0,20,12,32
5332,155,184,339,2,1,342,258,600
5333,127,220,347,4,1,352,248,600
5334,133,187,320,2,0,322,278,600
5335,125,156,281,2,1,284,262,546
5336,54,60,114,1,0,115,93,208
5337,54,30,84,0,0,84,61,145
5338,117,102,219,0,0,219,135,354
5339,107,112,219,1,0,220,133,353
5340,80,77,157,2,0,159,101,260
5341,27,7,34,0,0,34,21,55
5342,46,28,74,2,0,76,96,172
5343,30,39,69,2,0,71,28,99
5344,40,106,146,0,0,146,89,235
5345,51,44,95,2,0,97,60,157
5346,48,125,173,2,0,175,91,266
5347,31,53,84,0,0,84,71,155
5348,79,165,244,8,0,252,133,385
5349,56,194,250,5,0,255,245,500
5350,58,188,246,6,1,253,247,500
5351,59,185,244,4,1,249,204,453
5352,27,106,133,1,1,135,180,315
5353,78,45,123,3,0,126,121,247
5354,205,123,328,7,2,337,271,608
5355,44,31,75,3,1,79,34,113
5356,148,199,347,2,2,351,249,600
5357,120,209,329,2,0,331,269,600
5358,130,209,339,1,1,341,259,600
5359,149,188,337,3,1,341,259,600
5360,95,230,325,1,0,326,274,600
5361,130,189,319,1,0,320,280,600
5362,124,213,337,3,0,340,260,600
5363,130,195,325,3,1,329,271,600
5364,125,189,314,2,0,316,284,600
5365,118,224,342,3,0,345,255,600
5366,140,204,344,2,1,347,253,600
5367,140,208,348,1,0,349,251,600
5368,134,199,333,0,0,333,267,600
5369,138,203,341,1,0,342,258,600
5370,127,173,300,4,0,304,246,550
5371,123,186,309,1,0,310,240,550
5372,111,185,296,3,0,299,251,550
5373,213,187,400,2,0,402,178,580
5374,85,134,219,2,1,222,172,394
5375,136,149,285,1,0,286,214,500
5376,115,166,281,3,0,284,216,500
5377,132,149,281,3,0,284,216,500
5378,135,195,330,2,0,332,238,570
5379,111,127,238,1,0,239,89,328
5380,89,201,290,5,0,295,242,537
5381,98,188,286,4,0,290,247,537
5382,114,200,314,2,0,316,221,537
5383,112,188,300,0,1,301,236,537
5384,122,187,309,2,1,312,225,537
5385,85,220,305,3,0,308,229,537
5386,90,174,264,3,0,267,270,537
5387,129,198,327,2,0,329,271,600
5388,136,187,323,4,4,331,269,600
5389,106,191,297,3,0,300,300,600
5390,101,222,323,3,0,326,274,600
5391,89,217,306,5,2,313,287,600
5392,116,242,358,1,0,359,241,600
5393,145,174,319,2,0,321,279,600
5394,136,200,336,1,0,337,293,630
5395,5,13,18,0,1,19,19,38
5396,323,86,409,1,0,410,185,595
5397,243,149,392,0,1,393,207,600
5398,244,150,394,1,1,396,204,600
5399,280,137,417,3,2,422,178,600
5400,252,86,338,1,1,340,148,488
5401,163,67,230,1,1,232,92,324
5403,79,138,217,1,0,218,107,325
5404,108,155,263,0,0,263,237,500
5405,104,153,257,5,0,262,238,500
5406,104,153,257,2,0,259,241,500
5407,121,157,278,2,0,280,220,500
5408,108,188,296,4,0,300,259,559
5409,125,60,185,3,0,188,118,306
5410,68,67,135,0,0,135,94,229
5411,42,98,140,2,0,142,126,268
5412,17,20,37,0,0,37,46,83
5413,34,68,102,0,0,102,74,176
5414,24,42,66,0,1,67,45,112
5415,99,87,186,1,1,188,128,316
5416,91,48,139,1,0,140,120,260
5417,145,147,292,4,0,296,275,571
5418,159,172,331,4,0,335,265,600
5419,164,167,331,2,1,334,266,600
5420,165,200,365,1,0,366,234,600
5421,153,188,341,1,2,344,256,600
5422,154,194,348,6,0,354,246,600
5423,162,177,339,2,0,341,259,600
5424,155,185,340,1,0,341,259,600
5425,169,172,341,4,0,345,255,600
5426,122,207,329,1,0,330,220,550
5427,121,160,281,2,0,283,267,550
5428,156,169,325,4,0,329,221,550
5429,143,165,308,4,0,312,241,553
5430,66,213,279,3,1,283,317,600
5431,87,203,290,3,0,293,307,600
5432,80,235,315,2,1,318,282,600
5433,77,212,289,2,0,291,309,600
5434,72,222,294,1,0,295,305,600
5435,83,188,271,2,0,273,327,600
5436,83,192,275,2,2,279,321,600
5437,60,194,254,3,0,257,293,550
5438,88,175,263,1,0,264,286,550
5439,75,185,260,1,0,261,279,540
5440,117,153,270,2,0,272,213,485
5441,16,234,250,1,1,252,125,377
5442,47,168,215,2,0,217,135,352
5443,159,139,298,2,0,300,200,500
5444,136,131,267,4,1,272,188,460
5445,18,7,25,0,0,25,29,54
5446,241,170,411,3,1,415,185,600
5447,237,174,411,3,1,415,185,600
5448,241,185,426,2,0,428,172,600
5449,244,175,419,2,0,421,179,600
5450,209,177,386,2,1,389,211,600
5451,235,164,399,5,0,404,196,600
5452,244,174,418,2,3,423,177,600
5453,236,130,366,2,0,368,182,550
5454,223,151,374,4,0,378,172,550
5455,204,159,363,1,2,366,184,550
5456,233,132,365,3,0,368,182,550
5457,217,123,340,2,0,342,182,524
5458,38,53,91,2,0,93,251,344
5459,30,68,98,1,1,100,222,322
5460,116,200,316,1,0,317,283,600
5461,101,208,309,3,0,312,288,600
5462,122,187,309,3,1,313,287,600
5463,114,179,293,2,0,295,315,610
5464,117,150,267,1,1,269,231,500
5465,120,165,285,2,0,287,213,500
5466,112,173,285,2,1,288,222,510
5467,15,12,27,2,0,29,41,70
5468,58,39,97,1,0,98,34,132
5469,79,57,136,0,1,137,98,235
5470,53,80,133,1,0,134,37,171
5471,254,155,409,3,0,412,188,600
5472,215,185,400,0,0,400,200,600
5473,231,179,410,1,1,412,188,600
5474,207,177,384,2,1,387,213,600
5475,221,178,399,3,0,402,198,600
5476,245,159,404,2,1,407,193,600
5477,228,177,405,3,0,408,192,600
5478,185,204,389,4,1,394,206,600
5479,242,160,402,3,0,405,195,600
5480,229,163,392,3,0,395,205,600
5481,207,180,387,2,1,390,210,600
5482,265,166,431,2,0,433,167,600
5483,221,164,385,1,2,388,162,550
5484,221,148,369,2,1,372,178,550
5485,213,186,399,6,0,405,160,565
5486,125,168,293,4,1,298,202,500
5487,129,150,279,1,0,280,220,500
5488,118,144,262,1,0,263,187,450
5489,113,154,267,1,0,268,184,452
5490,225,165,390,9,1,400,148,548
5491,228,152,380,0,2,382,166,548
5492,186,194,380,6,0,386,162,548
5493,195,192,387,6,1,394,154,548
5494,208,165,373,5,6,384,164,548
5495,114,201,315,6,0,321,279,600
5496,132,208,340,3,0,343,257,600
5497,104,186,290,4,0,294,255,549
5498,144,114,258,0,1,259,141,400
5499,149,130,279,1,0,280,166,446
5500,7,4,11,1,1,13,14,27
5501,183,180,363,2,1,366,184,550
5502,169,193,362,4,1,367,183,550
5503,184,181,365,3,1,369,181,550
5504,155,209,364,5,0,369,181,550
5505,176,176,352,1,1,354,161,515
5506,54,87,141,8,0,149,104,253
5507,155,130,285,2,0,287,161,448
5508,87,18,105,0,0,105,33,138
5509,184,140,324,3,1,328,123,451
5510,56,19,75,1,1,77,26,103
5511,17,24,41,0,0,41,24,65
5512,82,151,233,1,0,234,114,348
5513,48,37,85,1,0,86,60,146
5514,29,24,53,1,0,54,29,83
5515,93,216,309,9,0,318,235,553
5516,92,213,305,2,0,307,213,520
5517,65,197,262,1,1,264,255,519
5518,17,56,73,0,0,73,54,127
5519,149,184,333,9,1,343,257,600
5520,158,182,340,1,0,341,259,600
5521,136,175,311,4,1,316,284,600
5522,127,203,330,8,1,339,261,600
5523,165,159,324,3,0,327,273,600
5524,170,191,361,2,2,365,235,600
5525,148,185,333,3,1,337,263,600
5526,155,176,331,5,1,337,263,600
5527,124,204,328,3,3,334,266,600
5528,138,186,324,4,1,329,281,610
5529,117,196,313,4,0,317,293,610
5530,184,185,369,10,0,379,233,612
5531,27,117,144,0,1,145,139,284
5532,104,121,225,8,1,234,198,432
5533,63,154,217,3,0,220,228,448
5534,70,114,184,4,1,189,258,447
5535,13,75,88,1,0,89,58,147
5536,35,148,183,2,0,185,210,395
5537,38,129,167,2,0,169,227,396
5538,76,128,204,5,1,210,167,377
5539,23,6,29,0,0,29,40,69
5540,11,75,86,0,1,87,252,339
5541,30,67,97,1,0,98,140,238
5542,65,150,215,2,0,217,220,437
5543,49,140,189,4,2,195,133,328
5544,58,132,190,6,0,196,132,328
5545,98,211,309,5,0,314,286,600
5546,86,227,313,7,4,324,276,600
5547,107,231,338,3,0,341,259,600
5548,75,211,286,3,1,290,310,600
5549,108,208,316,2,3,321,279,600
5550,80,200,280,6,1,287,256,543
5551,24,29,53,0,1,54,64,118
5552,124,195,319,1,1,321,279,600
5553,130,200,330,10,0,340,264,604
5554,110,229,339,7,0,346,267,613
5555,69,119,188,2,0,190,179,369
5556,101,171,272,0,0,272,253,525
5557,82,172,254,1,2,257,276,533
5558,80,162,242,2,1,245,255,500
5559,100,94,194,2,2,198,204,402
5560,54,88,142,3,2,147,161,308
5561,50,182,232,2,0,234,192,426
5562,124,234,358,6,4,368,200,568
5563,39,160,199,4,0,203,215,418
5564,49,170,219,0,0,219,199,418
5565,14,15,29,1,0,30,28,58
5566,27,144,171,2,0,173,118,291
5567,35,97,132,2,2,136,164,300
5568,225,100,325,1,0,326,274,600
5569,201,121,322,6,1,329,273,602
5570,124,102,226,0,0,226,152,378
5571,32,47,79,0,1,80,166,246
5572,23,61,84,0,0,84,103,187
5573,27,25,52,3,0,55,84,139
5574,136,110,246,0,1,247,178,425
5575,34,175,209,0,0,209,251,460
5576,25,40,65,3,1,69,63,132
5577,114,60,174,2,0,176,165,341
5578,110,30,140,2,3,145,89,234
5579,79,84,163,4,1,168,176,344
5580,56,84,140,2,1,143,118,261
5581,77,150,227,4,2,233,231,464
5582,18,12,30,0,0,30,73,103
5583,39,126,165,1,1,167,101,268
5584,37,50,87,1,2,90,130,220
5585,2,17,19,0,0,19,30,49
5586,3,17,20,2,0,22,36,58
5587,14,41,55,2,0,57,74,131
5588,61,46,107,0,0,107,127,234
5589,25,70,95,2,0,97,84,181
5590,168,128,296,1,0,297,231,528
5591,70,96,166,4,0,170,171,341
5592,64,92,156,2,0,158,183,341
5593,124,84,208,3,0,211,194,405
5594,97,94,191,1,1,193,207,400
5595,127,206,333,6,3,342,203,545
5596,104,231,335,6,3,344,202,546
5597,59,102,161,0,0,161,160,321
5598,239,152,391,1,0,392,158,550
5599,222,165,387,2,0,389,161,550
5600,218,164,382,1,1,384,166,550
5601,208,166,374,1,0,375,175,550
5602,198,170,368,7,0,375,175,550
5603,219,162,381,1,1,383,167,550
5604,222,178,400,0,0,400,150,550
5605,213,172,385,1,2,388,162,550
5606,200,121,321,4,0,325,136,461
5607,61,51,112,1,0,113,102,215
5608,31,14,45,0,0,45,30,75
5609,55,51,106,0,0,106,33,139
5610,12,9,21,0,0,21,18,39
5611,128,184,312,4,1,317,133,450
5612,155,168,323,4,1,328,122,450
5613,154,172,326,4,1,331,144,475
5614,44,56,100,1,1,102,92,194
5615,109,69,178,6,2,186,82,268
5616,121,112,233,1,0,234,103,337
5617,36,89,125,0,0,125,42,167
5618,24,6,30,0,0,30,32,62
5619,240,191,431,2,1,434,187,621
5620,245,182,427,8,0,435,187,622
5621,124,119,243,1,1,245,155,400
5622,126,122,248,4,0,252,148,400
5623,155,162,317,3,0,320,146,466
5624,111,148,259,3,0,262,288,550
5625,134,166,300,4,0,304,246,550
5626,114,153,267,5,2,274,276,550
5627,147,170,317,5,0,322,228,550
5628,139,146,285,0,0,285,265,550
5629,127,141,268,3,0,271,196,467
5630,58,115,173,2,0,175,190,365
5631,51,137,188,1,0,189,177,366
5632,48,258,306,5,0,311,187,498
5633,51,125,176,1,0,177,141,318
5634,101,126,227,4,0,231,169,400
5635,98,112,210,2,0,212,188,400
5636,109,158,267,6,0,273,211,484
5637,21,37,58,0,0,58,58,116
5638,135,192,327,4,1,332,268,600
5639,135,195,330,3,1,334,266,600
5640,119,165,284,0,0,284,216,500
5641,103,169,272,3,0,275,225,500
5642,136,162,298,4,0,302,198,500
5643,102,124,226,2,0,228,196,424
5644,97,177,274,7,1,282,218,500
5645,85,153,238,3,0,241,259,500
5646,123,142,265,0,2,267,269,536
5647,48,176,224,2,1,227,116,343
5648,53,110,163,0,0,163,187,350
5649,46,138,184,1,0,185,155,340
5650,96,205,301,2,0,303,240,543
5651,91,196,287,3,1,291,251,542
5652,37,118,155,0,2,157,195,352
5653,42,66,108,2,0,110,101,211
5654,13,41,54,0,0,54,67,121
5655,7,15,22,0,0,22,21,43
5656,52,147,199,3,0,202,238,440
5657,54,159,213,1,0,214,227,441
5658,9,30,39,1,0,40,67,107
5659,2,42,44,0,0,44,23,67
5660,32,77,109,0,0,109,143,252
5661,18,51,69,2,1,72,50,122
5662,12,26,38,1,0,39,62,101
5663,16,51,67,0,0,67,64,131
5664,16,60,76,1,0,77,45,122
5665,60,105,165,1,0,166,169,335
5666,50,152,202,2,2,206,129,335
5667,89,166,255,2,1,258,242,500
5668,110,145,255,0,1,256,244,500
5669,116,156,272,2,0,274,226,500
5670,105,144,249,1,0,250,169,419
5671,94,223,317,4,2,323,283,606
5672,81,202,283,4,0,287,318,605
5673,59,137,196,2,0,198,115,313
5674,67,99,166,2,1,169,125,294
5675,91,196,287,5,0,292,283,575
5676,84,171,255,3,1,259,316,575
5677,18,36,54,1,1,56,47,103
5678,87,190,277,3,0,280,319,599
5679,16,21,37,0,2,39,37,76
5680,18,52,70,1,1,72,49,121
5681,36,67,103,2,0,105,108,213
5682,14,37,51,2,0,53,36,89
5683,192,167,359,0,0,359,241,600
5684,225,147,372,0,0,372,228,600
5685,146,144,290,1,1,292,208,500
5686,153,125,278,4,1,283,217,500
5687,155,139,294,1,0,295,205,500
5688,140,132,272,6,1,279,221,500
5689,161,132,293,1,0,294,206,500
5690,202,143,345,2,0,347,236,583
5691,37,152,189,2,0,191,108,299
5692,122,170,292,4,0,296,210,506
5693,57,209,266,2,2,270,219,489
5694,83,189,272,1,0,273,216,489
5695,82,196,278,0,0,278,299,577
5696,22,56,78,2,1,81,82,163
5697,146,161,307,4,0,311,207,518
5698,138,135,273,6,1,280,238,518
5699,142,188,330,5,0,335,265,600
5700,123,189,312,0,0,312,288,600
5701,93,156,249,1,0,250,250,500
5702,135,158,293,0,0,293,207,500
5703,113,184,297,0,0,297,203,500
5704,97,177,274,0,0,274,226,500
5705,97,177,274,3,0,277,261,538
5706,129,126,255,2,0,257,193,450
5707,122,96,218,4,1,223,177,400
5708,121,122,243,4,0,247,176,423
5709,161,179,340,2,0,342,258,600
5710,207,119,326,1,1,328,264,592
5711,63,199,262,0,1,263,306,569
5712,8,5,13,2,0,15,5,20
5713,33,46,79,0,0,79,79,158
5714,148,190,338,3,0,341,278,619
5715,111,189,300,5,4,309,167,476
5716,14,33,47,0,0,47,25,72
5717,18,19,37,2,0,39,36,75
5718,16,10,26,0,0,26,36,62
5719,68,179,247,1,0,248,166,414
5720,35,52,87,0,2,89,50,139
5721,114,84,198,1,0,199,121,320
5722,184,162,346,1,0,347,176,523
5723,135,175,310,1,0,311,212,523
5724,147,173,320,1,1,322,193,515
5725,57,148,205,3,1,209,183,392
5726,62,150,212,1,1,214,178,392
5727,24,77,101,1,1,103,178,281
5728,130,148,278,2,0,280,320,600
5729,192,125,317,4,1,322,278,600
5730,138,136,274,0,0,274,326,600
5731,177,113,290,5,0,295,305,600
5732,168,117,285,4,0,289,311,600
5733,158,129,287,3,0,290,260,550
5734,158,97,255,4,0,259,279,538
5735,12,11,23,0,0,23,103,126
5736,106,171,277,5,1,283,328,611
5737,107,173,280,4,1,285,326,611
5738,104,127,231,2,0,233,378,611
5739,118,155,273,9,0,282,330,612
5740,116,66,182,1,1,184,226,410
5741,16,16,32,0,0,32,92,124
5742,134,174,308,2,2,312,299,611
5743,134,141,275,5,2,282,329,611
5744,113,117,230,3,1,234,208,442
5745,11,4,15,0,0,15,8,23
5746,152,122,274,4,0,278,222,500
5747,135,144,279,2,1,282,218,500
5748,125,148,273,3,1,277,223,500
5749,167,111,278,4,1,283,217,500
5750,131,149,280,3,0,283,170,453
5751,98,197,295,8,0,303,297,600
5752,98,185,283,5,3,291,319,610
5753,122,160,282,4,0,286,321,607
5754,75,181,256,4,2,262,288,550
5755,69,226,295,0,0,295,278,573
5756,72,134,206,0,0,206,144,350
5757,77,116,193,1,0,194,157,351
5758,13,16,29,1,0,30,52,82
5759,88,192,280,4,1,285,290,575
5760,92,205,297,4,1,302,273,575
5761,107,196,303,5,0,308,292,600
5762,116,198,314,8,4,326,274,600
5763,113,180,293,2,1,296,254,550
5764,98,198,296,6,0,302,248,550
5765,105,188,293,7,2,302,248,550
5766,107,215,322,6,0,328,222,550
5767,101,166,267,3,1,271,279,550
5768,118,184,302,5,1,308,242,550
5769,107,189,296,0,2,298,252,550
5770,109,189,298,6,1,305,245,550
5771,120,177,297,2,0,299,254,553
5772,11,21,32,0,0,32,56,88
5773,0,27,27,0,0,27,43,70
5774,12,21,33,0,0,33,28,61
5775,27,45,72,1,0,73,84,157
5776,74,143,217,3,0,220,163,383
5777,67,153,220,10,0,230,154,384
5778,21,68,89,2,0,91,58,149
5779,99,213,312,2,0,314,216,530
5780,108,195,303,2,0,305,225,530
5781,46,201,247,1,0,248,244,492
5782,60,140,200,4,1,205,245,450
5783,63,131,194,0,0,194,234,428
5784,57,54,111,2,1,114,136,250
5785,23,19,42,0,0,42,50,92
5786,83,80,163,3,0,166,248,414
5787,62,94,156,1,0,157,118,275
5788,101,126,227,0,2,229,192,421
5789,6,29,35,0,0,35,166,201
5790,14,116,130,1,0,131,85,216
5791,24,110,134,1,0,135,147,282
5792,44,95,139,3,1,143,78,221
5793,83,107,190,3,0,193,176,369
5794,41,202,243,2,0,245,145,390
5795,74,76,150,4,0,154,197,351
5796,202,150,352,2,0,354,246,600
5797,167,126,293,1,1,295,255,550
5798,208,131,339,4,2,345,205,550
5799,219,125,344,5,3,352,198,550
5800,202,159,361,3,0,364,186,550
5801,201,130,331,3,0,334,220,554
5802,153,150,303,1,1,305,233,538
5803,125,124,249,0,0,249,251,500
5804,148,113,261,5,2,268,212,480
5805,148,69,217,3,0,220,101,321
5806,214,158,372,4,0,376,172,548
5807,176,114,290,1,0,291,131,422
5808,153,109,262,0,0,262,188,450
5809,158,141,299,2,2,303,137,440
5810,72,53,125,0,0,125,56,181
5811,121,133,254,5,2,261,189,450
5812,161,119,280,4,0,284,166,450
5813,154,158,312,2,0,314,175,489
5814,3,11,14,0,0,14,10,24
5815,115,182,297,1,1,299,225,524
5816,166,126,292,3,1,296,304,600
5817,154,139,293,2,0,295,305,600
5818,159,138,297,4,0,301,299,600
5819,140,149,289,4,0,293,307,600
5820,129,162,291,2,0,293,307,600
5821,135,112,247,0,0,247,282,529
5822,115,120,235,5,1,241,309,550
5823,115,129,244,7,1,252,302,554
5824,98,139,237,4,0,241,256,497
5825,90,119,209,0,0,209,182,391
5826,108,103,211,10,2,223,168,391
5827,63,47,110,3,1,114,59,173
5828,113,113,226,5,3,234,206,440
5829,131,139,270,0,0,270,169,439
5830,42,36,78,1,1,80,85,165
5831,122,266,388,5,0,393,223,616
5832,209,155,364,5,5,374,226,600
5833,185,172,357,2,1,360,240,600
5834,238,123,361,8,1,370,230,600
5835,196,156,352,5,0,357,227,584
5836,106,54,160,2,0,162,181,343
5837,90,61,151,4,1,156,187,343
5838,122,59,181,4,0,185,87,272
5839,111,90,201,4,1,206,187,393
5840,145,83,228,4,3,235,157,392
5841,55,51,106,2,0,108,79,187
5842,60,61,121,2,0,123,107,230
5843,169,128,297,4,0,301,205,506
5844,58,51,109,1,0,110,83,193
5845,126,90,216,3,0,219,150,369
5846,140,81,221,0,0,221,140,361
5847,154,166,320,2,0,322,205,527
5848,34,17,51,1,0,52,40,92
5849,31,42,73,2,0,75,38,113
5850,117,72,189,2,1,192,122,314
5851,86,159,245,2,0,247,277,524
5852,80,188,268,7,1,276,249,525
5853,11,37,48,1,2,51,28,79
5854,78,138,216,0,0,216,165,381
5855,139,139,278,1,1,280,242,522
5856,68,63,131,5,0,136,104,240
5857,46,57,103,1,1,105,109,214
5858,64,130,194,9,3,206,130,336
5859,110,96,206,1,0,207,140,347
5860,106,88,194,4,2,200,147,347
5861,137,202,339,4,0,343,164,507
5862,44,137,181,5,2,188,96,284
5863,95,115,210,3,1,214,231,445
5864,110,120,230,4,1,235,165,400
5865,119,127,246,4,3,253,158,411
5866,109,142,251,6,3,260,166,426
5867,156,160,316,3,0,319,231,550
5868,120,162,282,2,0,284,266,550
5869,131,143,274,2,0,276,260,536
5870,139,92,231,2,0,233,235,468
5871,51,33,84,1,1,86,71,157
5872,28,72,100,3,0,103,66,169
5873,114,202,316,1,0,317,211,528
5874,108,198,306,4,1,311,217,528
5875,107,226,333,6,0,339,189,528
5876,136,161,297,3,0,300,229,529
5877,101,126,227,2,0,229,113,342
5878,91,136,227,2,2,231,111,342
5879,98,182,280,4,1,285,265,550
5880,96,172,268,2,3,273,286,559
5881,53,8,61,0,0,61,30,91
5882,53,46,99,1,0,100,77,177
5883,37,56,93,2,2,97,71,168
5884,41,124,165,1,0,166,103,269
5885,72,53,125,2,0,127,61,188
5886,42,41,83,1,0,84,56,140
5887,99,101,200,3,1,204,196,400
5888,108,137,245,2,0,247,170,417
5889,110,167,277,3,0,280,259,539
5890,4,5,9,0,0,9,27,36
5891,34,11,45,0,0,45,38,83
5892,20,23,43,2,0,45,33,78
5893,53,64,117,3,0,120,105,225
5894,64,73,137,0,0,137,118,255
5895,181,196,377,3,0,380,220,600
5896,234,169,403,0,1,404,196,600
5897,191,184,375,4,1,380,210,590
5898,95,82,177,1,0,178,198,376
5899,85,74,159,1,0,160,129,289
5900,71,39,110,3,1,114,81,195
5901,149,175,324,4,0,328,272,600
5902,135,175,310,1,0,311,239,550
5903,136,174,310,3,2,315,235,550
5904,136,190,326,2,0,328,222,550
5905,143,172,315,4,0,319,231,550
5906,151,170,321,2,1,324,226,550
5907,133,193,326,1,0,327,223,550
5908,134,186,320,5,1,326,224,550
5909,122,209,331,1,0,332,218,550
5910,158,164,322,0,0,322,228,550
5911,113,175,288,2,1,291,259,550
5912,140,182,322,6,2,330,243,573
5913,48,41,89,0,0,89,74,163
5914,55,97,152,4,0,156,105,261
5915,42,177,219,2,0,221,156,377
5916,109,149,258,2,0,260,190,450
5917,84,150,234,2,0,236,214,450
5918,88,141,229,0,1,230,205,435
5919,75,260,335,6,0,341,302,643
5920,119,147,266,1,0,267,177,444
5921,41,26,67,0,0,67,105,172
5922,79,242,321,6,0,327,223,550
5923,86,221,307,8,0,315,235,550
5924,111,193,304,4,0,308,199,507
5925,41,38,79,0,0,79,76,155
5926,104,134,238,4,1,243,207,450
5927,89,157,246,2,1,249,194,443
5928,9,132,141,1,0,142,141,283
5929,111,230,341,0,1,342,258,600
5930,104,206,310,0,1,311,239,550
5931,98,189,287,3,1,291,235,526
5932,13,8,21,1,0,22,11,33
5933,96,162,258,1,4,263,337,600
5934,110,158,268,5,2,275,325,600
5935,101,174,275,3,0,278,272,550
5936,104,156,260,0,2,262,288,550
5937,124,150,274,4,2,280,270,550
5938,113,160,273,0,2,275,286,561
5939,101,155,256,2,2,260,340,600
5940,95,180,275,4,1,280,320,600
5941,86,127,213,4,1,218,382,600
5942,121,138,259,3,0,262,338,600
5943,87,140,227,3,0,230,321,551
5944,55,129,184,5,2,191,209,400
5945,61,149,210,1,1,212,200,412
5946,54,177,231,2,2,235,254,489
5947,53,105,158,1,4,163,106,269
5948,73,172,245,3,0,248,235,483
5949,90,159,249,3,1,253,247,500
5950,116,167,283,2,0,285,215,500
5951,80,196,276,4,0,280,260,540
5952,77,161,238,1,1,240,260,500
5953,66,188,254,3,0,257,243,500
5954,54,153,207,2,0,209,291,500
5955,73,176,249,0,0,249,251,500
5956,52,153,205,1,0,206,283,489
5957,95,206,301,3,0,304,296,600
5958,91,237,328,3,0,331,269,600
5959,84,217,301,3,3,307,293,600
5960,89,239,328,3,2,333,277,610
5961,97,195,292,9,0,301,309,610
5962,103,210,313,5,3,321,296,617
5963,65,218,283,1,1,285,176,461
5964,64,101,165,5,0,170,105,275
5965,52,166,218,4,1,223,204,427
5966,44,152,196,2,1,199,202,401
5967,20,77,97,0,0,97,92,189
5968,92,177,269,1,0,270,280,550
5969,119,206,325,3,1,329,221,550
5970,73,188,261,2,2,265,249,514
5971,212,130,342,0,2,344,256,600
5972,210,124,334,1,1,336,264,600
5973,178,136,314,5,3,322,278,600
5974,191,108,299,2,2,303,297,600
5975,190,136,326,2,0,328,272,600
5976,221,136,357,1,0,358,242,600
5977,175,113,288,6,1,295,277,572
5978,137,128,265,2,0,267,283,550
5979,135,130,265,3,0,268,282,550
5980,169,132,301,3,0,304,246,550
5981,164,143,307,6,1,314,236,550
5982,120,132,252,1,0,253,256,509
5983,48,42,90,0,0,90,77,167
5984,49,27,76,2,3,81,126,207
5985,126,89,215,4,1,220,289,509
5986,131,135,266,4,0,270,298,568
5987,126,144,270,3,1,274,294,568
5988,183,162,345,7,1,353,247,600
5989,229,140,369,7,1,377,223,600
5990,221,113,334,2,0,336,242,578
5991,146,110,256,3,0,259,291,550
5992,171,77,248,1,0,249,294,543
5993,187,170,357,6,2,365,235,600
5994,161,149,310,6,1,317,283,600
5995,170,166,336,7,1,344,256,600
5996,139,143,282,4,0,286,314,600
5997,134,154,288,4,0,292,308,600
5998,132,160,292,10,0,302,298,600
5999,130,143,273,4,0,277,323,600
6000,148,152,300,4,2,306,294,600
6001,163,128,291,4,0,295,255,550
6002,160,141,301,4,3,308,242,550
6003,112,155,267,4,3,274,253,527
6004,120,174,294,3,1,298,302,600
6005,96,193,289,2,2,293,307,600
6006,100,190,290,4,0,294,306,600
6007,105,169,274,2,1,277,323,600
6008,118,184,302,6,1,309,291,600
6009,90,219,309,3,0,312,288,600
6010,88,177,265,1,0,266,274,540
6011,119,123,242,9,1,252,334,586
6012,160,191,351,4,0,355,245,600
6013,127,201,328,6,1,335,265,600
6014,139,185,324,4,0,328,272,600
6015,123,178,301,5,2,308,292,600
6016,148,160,308,2,0,310,240,550
6017,132,183,315,3,0,318,232,550
6018,126,173,299,6,1,306,244,550
6019,109,144,253,5,0,258,200,458
6020,185,191,376,4,0,380,220,600
6021,188,138,326,5,2,333,267,600
6022,159,147,306,6,0,312,288,600
6023,155,188,343,6,0,349,251,600
6024,181,168,349,3,1,353,247,600
6025,132,152,284,2,0,286,214,500
6026,135,132,267,6,1,274,226,500
6027,125,175,300,4,1,305,195,500
6028,145,151,296,4,0,300,200,500
6029,154,153,307,5,2,314,204,518
6030,92,199,291,4,1,296,304,600
6031,87,211,298,3,1,302,298,600
6032,68,238,306,3,1,310,290,600
6033,58,202,260,6,0,266,334,600
6034,71,216,287,0,0,287,313,600
6035,87,195,282,2,0,284,316,600
6036,73,206,279,1,0,280,320,600
6037,84,224,308,9,0,317,283,600
6038,82,168,250,6,0,256,282,538
6039,46,81,127,1,0,128,137,265
6040,169,121,290,5,0,295,205,500
6041,144,110,254,3,2,259,241,500
6042,156,107,263,3,2,268,232,500
6043,127,157,284,8,0,292,208,500
6044,154,126,280,6,1,287,225,512
6045,89,180,269,7,2,278,222,500
6046,86,184,270,1,0,271,229,500
6047,75,177,252,1,0,253,247,500
6048,76,185,261,5,0,266,234,500
6049,79,166,245,5,0,250,228,478
6050,115,190,305,4,1,310,290,600
6051,118,197,315,2,1,318,282,600
6052,101,187,288,1,0,289,311,600
6053,111,208,319,4,0,323,277,600
6054,109,200,309,5,1,315,285,600
6055,100,207,307,3,0,310,290,600
6056,92,240,332,5,2,339,261,600
6057,107,218,325,1,2,328,272,600
6058,95,197,292,3,0,295,305,600
6059,89,167,256,6,0,262,288,550
6060,95,210,305,4,0,309,240,549
6061,153,177,330,6,1,337,263,600
6062,131,197,328,10,1,339,261,600
6063,112,195,307,6,0,313,237,550
6064,143,162,305,4,0,309,241,550
6065,116,150,266,4,0,270,232,502
6066,33,113,146,1,0,147,154,301
6067,8,6,14,1,0,15,12,27
6068,98,181,279,7,1,287,313,600
6069,105,191,296,4,2,302,298,600
6070,110,204,314,10,0,324,276,600
6071,103,185,288,5,3,296,304,600
6072,101,188,289,3,2,294,256,550
6073,105,192,297,5,0,302,248,550
6074,95,190,285,7,2,294,256,550
6075,90,181,271,5,1,277,273,550
6076,94,176,270,2,0,272,313,585
6077,159,157,316,7,2,325,228,553
6078,90,126,216,4,0,220,150,370
6079,90,125,215,1,1,217,155,372
6080,68,160,228,6,0,234,241,475
6081,79,143,222,4,1,227,248,475
6082,40,164,204,6,1,211,279,490
6083,52,240,292,2,0,294,306,600
6084,28,221,249,4,0,253,297,550
6085,40,217,257,2,1,260,294,554
6086,52,91,143,3,1,147,83,230
6087,50,157,207,3,0,210,208,418
6088,53,195,248,3,2,253,157,410
6089,49,118,167,2,0,169,174,343
6090,47,143,190,2,1,193,150,343
6091,44,178,222,2,2,226,114,340
6092,55,231,286,9,3,298,286,584
6093,83,167,250,3,0,253,197,450
6094,75,166,241,4,1,246,204,450
6095,66,132,198,3,1,202,212,414
6096,20,169,189,13,1,203,214,417
6097,13,148,161,7,1,169,393,562
6098,1,65,66,3,0,69,133,202
6099,41,238,279,5,1,285,288,573
6100,76,118,194,12,0,206,173,379
6101,5,178,183,2,0,185,169,354
6102,6,184,190,2,0,192,171,363
6103,12,7,19,1,0,20,30,50
6104,74,207,281,1,1,283,317,600
6105,54,196,250,2,1,253,247,500
6106,53,179,232,2,0,234,266,500
6107,62,164,226,5,0,231,269,500
6108,60,188,248,5,0,253,247,500
6109,72,177,249,3,0,252,253,505
6110,71,169,240,4,2,246,179,425
6111,77,142,219,0,0,219,205,424
6112,25,74,99,1,0,100,47,147
6113,56,114,170,2,0,172,178,350
6114,60,122,182,1,1,184,160,344
6115,38,93,131,4,0,135,85,220
6116,30,72,102,3,0,105,240,345
6117,28,75,103,6,3,112,182,294
6118,4,11,15,1,0,16,28,44
6119,94,154,248,6,1,255,245,500
6120,100,190,290,3,0,293,209,502
6121,53,75,128,4,0,132,91,223
6122,54,196,250,2,1,253,268,521
6123,48,189,237,2,4,243,278,521
6124,63,155,218,6,0,224,226,450
6125,55,185,240,3,0,243,207,450
6126,73,136,209,2,0,211,215,426
6127,37,168,205,2,1,208,92,300
6128,31,115,146,3,0,149,122,271
6129,68,226,294,7,1,302,269,571
6130,58,223,281,3,2,286,285,571
6131,243,187,430,2,0,432,168,600
6132,222,199,421,3,0,424,176,600
6133,221,173,394,4,1,399,201,600
6134,228,172,400,3,1,404,196,600
6135,213,179,392,6,0,398,202,600
6136,241,166,407,1,0,408,192,600
6137,219,165,384,3,1,388,212,600
6138,228,166,394,2,1,397,203,600
6139,250,164,414,5,0,419,181,600
6140,218,173,391,4,2,397,203,600
6141,229,186,415,3,1,419,181,600
6142,220,171,391,7,2,400,200,600
6143,213,182,395,1,0,396,204,600
6144,235,164,399,4,1,404,196,600
6145,236,172,408,3,1,412,188,600
6146,222,194,416,4,1,421,179,600
6147,242,155,397,5,1,403,197,600
6148,221,183,404,2,2,408,192,600
6149,200,163,363,2,0,365,185,550
6150,177,156,333,2,0,335,215,550
6151,211,168,379,5,1,385,165,550
6152,187,155,342,3,0,345,205,550
6153,216,143,359,6,0,365,185,550
6154,155,176,331,2,1,334,185,519
6155,161,185,346,2,0,348,273,621
6156,216,179,395,4,0,399,201,600
6157,231,185,416,3,0,419,181,600
6158,200,170,370,5,1,376,174,550
6159,219,158,377,4,0,381,169,550
6160,199,170,369,2,0,371,179,550
6161,202,165,367,2,0,369,167,536
6162,65,162,227,1,0,228,142,370
6163,85,153,238,2,0,240,130,370
6164,62,132,194,0,0,194,135,329
6165,62,129,191,1,0,192,137,329
6166,14,14,28,1,1,30,8,38
6167,148,230,378,2,0,380,220,600
6168,142,233,375,4,2,381,219,600
6169,141,225,366,4,0,370,230,600
6170,157,215,372,2,0,374,226,600
6171,147,185,332,3,0,335,215,550
6172,134,199,333,2,0,335,193,528
6173,208,205,413,3,0,416,184,600
6174,178,200,378,6,1,385,215,600
6175,186,165,351,5,0,356,194,550
6176,205,173,378,2,0,380,170,550
6177,182,174,356,1,0,357,193,550
6178,209,178,387,0,0,387,163,550
6179,139,196,335,4,0,339,206,545
6180,215,136,351,5,0,356,173,529
6181,211,126,337,3,1,341,187,528
6182,146,154,300,4,0,304,146,450
6183,148,116,264,3,0,267,133,400
6184,161,149,310,3,0,313,128,441
6185,170,162,332,0,0,332,123,455
6186,87,263,350,4,0,354,256,610
6187,87,255,342,4,1,347,259,606
6188,100,199,299,2,0,301,198,499
6189,92,133,225,2,0,227,223,450
6190,103,166,269,4,0,273,184,457
6191,143,242,385,5,1,391,209,600
6192,155,230,385,3,2,390,210,600
6193,147,206,353,2,0,355,245,600
6194,137,254,391,11,2,404,196,600
6195,173,218,391,2,0,393,207,600
6196,139,243,382,4,2,388,212,600
6197,163,214,377,3,0,380,220,600
6198,149,214,363,3,1,367,193,560
6199,156,181,337,2,0,339,221,560
6200,69,208,277,0,0,277,273,550
6201,65,187,252,6,0,258,292,550
6202,73,225,298,4,0,302,265,567
6203,94,247,341,3,2,346,204,550
6204,110,230,340,6,0,346,179,525
6205,94,156,250,1,0,251,249,500
6206,95,206,301,0,0,301,219,520
6207,86,153,239,1,0,240,280,520
6208,70,192,262,4,0,266,174,440
6209,87,174,261,2,0,263,177,440
6210,72,177,249,2,0,251,179,430
6211,57,202,259,2,0,261,189,450
6212,71,177,248,1,1,250,185,435
6213,156,106,262,2,0,264,168,432
6214,72,201,273,2,1,276,222,498
6215,60,126,186,2,1,189,118,307
6216,63,192,255,3,1,259,241,500
6217,83,163,246,2,0,248,252,500
6218,83,185,268,2,0,270,214,484
6219,36,53,89,1,0,90,41,131
6220,42,78,120,0,0,120,119,239
6221,74,149,223,1,1,225,105,330
6222,58,158,216,0,0,216,114,330
6223,21,93,114,1,0,115,96,211
6224,135,230,365,3,0,368,232,600
6225,124,225,349,3,0,352,248,600
6226,129,206,335,1,3,339,261,600
6227,133,237,370,4,0,374,226,600
6228,100,202,302,3,2,307,243,550
6229,127,187,314,5,0,319,231,550
6230,129,211,340,1,0,341,201,542
6231,40,141,181,0,0,181,239,420
6232,37,153,190,2,0,192,228,420
6233,93,153,246,2,1,249,175,424
6234,124,198,322,2,0,324,176,500
6235,114,206,320,3,1,324,176,500
6236,102,187,289,3,0,292,208,500
6237,114,195,309,2,0,311,189,500
6238,105,175,280,3,0,283,214,497
6239,39,50,89,1,0,90,176,266
6240,24,46,70,1,0,71,166,237
6241,6,75,81,0,0,81,63,144
6242,54,237,291,4,0,295,232,527
6243,74,210,284,5,0,289,238,527
6244,61,213,274,4,1,279,248,527
6245,60,72,132,1,0,133,289,422
6246,6,17,23,0,0,23,19,42
6247,148,211,359,3,0,362,238,600
6248,139,197,336,4,1,341,259,600
6249,155,171,326,6,1,333,267,600
6250,156,199,355,2,1,358,242,600
6251,119,223,342,2,0,344,256,600
6252,120,235,355,2,1,358,242,600
6253,105,211,316,4,1,321,279,600
6254,120,201,321,3,0,324,276,600
6255,126,217,343,1,1,345,255,600
6256,112,212,324,2,0,326,274,600
6257,135,215,350,4,0,354,246,600
6258,123,196,319,2,0,321,229,550
6259,110,215,325,2,2,329,221,550
6260,113,186,299,1,1,301,249,550
6261,118,195,313,3,0,316,224,540
6262,74,187,261,1,0,262,228,490
6263,64,189,253,2,0,255,235,490
6264,81,178,259,1,2,262,228,490
6265,118,255,373,2,2,377,223,600
6266,136,217,353,2,0,355,195,550
6267,96,225,321,3,0,324,226,550
6268,86,215,301,1,0,302,248,550
6269,86,226,312,1,1,314,236,550
6270,100,196,296,2,0,298,231,529
6271,99,225,324,1,0,325,175,500
6272,77,232,309,3,0,312,188,500
6273,88,209,297,6,1,304,201,505
6274,111,157,268,0,1,269,146,415
6275,76,164,240,3,1,244,168,412
6276,99,186,285,4,0,289,246,535
6277,100,189,289,5,1,295,240,535
6278,104,203,307,0,0,307,228,535
6279,84,102,186,1,2,189,161,350
6280,104,245,349,5,1,355,245,600
6281,88,227,315,3,0,318,232,550
6282,94,228,322,1,0,323,227,550
6283,122,206,328,1,0,329,221,550
6284,113,206,319,2,0,321,229,550
6285,98,197,295,1,0,296,254,550
6286,109,196,305,1,0,306,225,531
6287,98,193,291,4,1,296,204,500
6288,78,211,289,1,1,291,209,500
6289,68,194,262,2,3,267,233,500
6290,93,159,252,3,0,255,245,500
6291,86,164,250,2,0,252,248,500
6292,102,199,301,1,0,302,252,554
6293,10,21,31,1,0,32,22,54
6294,69,73,142,3,0,145,265,410
6295,104,156,260,5,1,266,376,642
6296,74,155,229,0,0,229,302,531
6297,9,31,40,0,0,40,56,96
6298,179,207,386,2,1,389,161,550
6299,158,217,375,1,0,376,174,550
6300,174,207,381,2,0,383,167,550
6301,163,200,363,0,2,365,185,550
6302,165,188,353,3,0,356,194,550
6303,158,207,365,3,0,368,182,550
6304,172,185,357,5,0,362,193,555
6305,119,187,306,4,0,310,240,550
6306,100,202,302,1,1,304,246,550
6307,129,200,329,3,2,334,216,550
6308,117,179,296,4,0,300,200,500
6309,85,146,231,0,1,232,168,400
6310,90,161,251,3,0,254,146,400
6311,167,207,374,5,1,380,220,600
6312,139,198,337,7,2,346,254,600
6313,132,169,301,4,1,306,294,600
6314,177,184,361,2,0,363,237,600
6315,128,206,334,7,0,341,259,600
6316,136,158,294,6,1,301,249,550
6317,111,194,305,5,0,310,240,550
6318,119,190,309,2,0,311,239,550
6319,131,182,313,2,2,317,233,550
6320,139,177,316,3,0,319,231,550
6321,143,186,329,3,2,334,216,550
6322,149,166,315,6,0,321,229,550
6323,124,192,316,1,0,317,233,550
6324,130,171,301,6,1,308,258,566
6325,73,264,337,2,2,341,263,604
6326,84,189,273,3,2,278,325,603
6327,49,167,216,1,0,217,221,438
6328,161,74,235,7,3,245,160,405
6329,154,89,243,5,0,248,156,404
6330,84,143,227,1,0,228,119,347
6331,102,123,225,4,0,229,117,346
6332,63,165,228,1,0,229,252,481
6333,64,162,226,3,1,230,251,481
6334,31,189,220,2,0,222,178,400
6335,36,192,228,1,0,229,173,402
6336,88,29,117,1,0,118,146,264
6337,92,164,256,5,0,261,214,475
6338,79,167,246,3,1,250,224,474
6339,73,54,127,2,0,129,80,209
6340,29,89,118,0,0,118,103,221
6341,13,65,78,0,0,78,62,140
6342,50,156,206,5,1,212,180,392
6343,47,166,213,0,1,214,177,391
6344,106,213,319,4,0,323,277,600
6345,103,219,322,5,2,329,271,600
6346,108,237,345,6,2,353,247,600
6347,98,248,346,4,0,350,250,600
6348,119,220,339,3,0,342,258,600
6349,116,242,358,4,0,362,238,600
6350,106,214,320,2,0,322,278,600
6351,92,235,327,5,0,332,268,600
6352,91,206,297,3,0,300,250,550
6353,121,199,320,4,1,325,225,550
6354,97,184,281,4,3,288,262,550
6355,94,208,302,6,0,308,242,550
6356,114,198,312,3,1,316,235,551
6357,52,118,170,2,1,173,177,350
6358,44,131,175,4,2,181,163,344
6359,110,188,298,3,0,301,272,573
6360,97,207,304,5,0,309,264,573
6361,88,181,269,3,1,273,300,573
6362,45,160,205,4,0,209,182,391
6363,57,149,206,1,0,207,183,390
6364,25,90,115,3,0,118,145,263
6365,85,237,322,4,0,326,265,591
6366,21,145,166,0,1,167,297,464
6367,50,167,217,4,1,222,239,461
6368,23,26,49,1,0,50,79,129
6369,91,238,329,1,2,332,192,524
6370,107,228,335,3,0,338,186,524
6371,101,56,157,0,0,157,60,217
6372,35,21,56,0,0,56,30,86
6373,29,27,56,0,0,56,24,80
6374,90,181,271,0,1,272,225,497
6375,77,128,205,3,0,208,150,358
6376,85,151,236,3,1,240,117,357
6377,138,148,286,2,0,288,151,439
6378,116,142,258,5,0,263,176,439
6379,98,193,291,4,0,295,255,550
6380,107,192,299,1,1,301,249,550
6381,109,179,288,4,0,292,258,550
6382,101,223,324,3,1,328,222,550
6383,99,179,278,8,2,288,262,550
6384,104,209,313,2,0,315,235,550
6385,107,180,287,3,0,290,220,510
6386,15,101,116,0,0,116,89,205
6387,82,211,293,4,0,297,221,518
6388,16,28,44,0,0,44,45,89
6389,179,168,347,6,1,354,156,510
6390,182,167,349,4,0,353,157,510
6391,136,200,336,1,1,338,179,517
6392,92,207,299,2,3,304,196,500
6393,125,169,294,3,1,298,202,500
6394,93,197,290,4,2,296,204,500
6395,80,173,253,1,0,254,174,428
6396,95,193,288,3,1,292,175,467
6397,68,165,233,3,1,237,212,449
6398,91,219,310,2,0,312,298,610
6399,75,215,290,3,0,293,317,610
6400,75,225,300,5,0,305,305,610
6401,95,207,302,8,0,310,300,610
6402,90,205,295,4,2,301,305,606
6403,48,214,262,2,1,265,237,502
6404,47,207,254,3,0,257,245,502
6405,61,190,251,8,2,261,241,502
6406,42,219,261,6,3,270,231,501
6407,57,173,230,1,1,232,81,313
6408,5,3,8,1,0,9,7,16
6409,50,124,174,2,1,177,288,465
6410,60,125,185,1,0,186,279,465
6411,71,106,177,4,0,181,284,465
6412,63,159,222,1,1,224,277,501
6413,63,175,238,7,0,245,256,501
6414,78,145,223,0,0,223,278,501
6415,21,100,121,3,0,124,80,204
6416,86,180,266,2,0,268,334,602
6417,66,183,249,3,0,252,225,477
6418,86,185,271,1,2,274,202,476
6419,135,123,258,4,0,262,263,525
6420,135,110,245,5,0,250,275,525
6421,111,112,223,4,0,227,292,519
6422,121,128,249,4,3,256,263,519
6423,121,130,251,2,1,254,265,519
6424,72,95,167,2,1,170,145,315
6425,73,202,275,2,1,278,241,519
6426,54,192,246,1,1,248,270,518
6427,67,216,283,2,0,285,232,517
6428,76,199,275,2,1,278,239,517
6429,34,38,72,1,1,74,61,135
6430,118,167,285,10,0,295,296,591
6431,45,165,210,9,1,220,258,478
6432,53,150,203,6,0,209,269,478
6433,47,136,183,7,0,190,288,478
6434,59,152,211,8,0,219,258,477
6435,25,183,208,1,0,209,201,410
6436,24,79,103,2,0,105,223,328
6437,23,90,113,2,2,117,211,328
6438,49,201,250,4,0,254,261,515
6439,58,190,248,5,0,253,262,515
6440,20,57,77,6,0,83,119,202
6441,23,78,101,2,0,103,122,225
6442,2,77,79,4,0,83,146,229
6443,62,210,272,1,0,273,261,534
6444,75,213,288,2,0,290,244,534
6445,69,189,258,6,0,264,270,534
6446,59,225,284,2,1,287,247,534
6447,36,173,209,4,0,213,313,526
6448,92,162,254,0,0,254,210,464
6449,38,143,181,9,0,190,185,375
6450,58,172,230,1,0,231,169,400
6451,62,207,269,0,0,269,221,490
6452,20,111,131,1,0,132,147,279
6453,20,128,148,3,4,155,108,263
6454,40,113,153,2,0,155,107,262
6455,94,216,310,5,0,315,285,600
6456,130,214,344,5,0,349,251,600
6457,101,220,321,3,0,324,276,600
6458,105,228,333,3,0,336,264,600
6459,87,235,322,5,0,327,273,600
6460,107,209,316,5,0,321,279,600
6461,69,232,301,4,2,307,293,600
6462,88,242,330,1,1,332,268,600
6463,104,204,308,4,0,312,288,600
6464,107,226,333,5,0,338,262,600
6465,104,219,323,6,1,330,270,600
6466,105,233,338,4,0,342,249,591
6467,59,109,168,8,1,177,200,377
6468,65,122,187,3,0,190,186,376
6469,65,207,272,3,2,277,189,466
6470,62,180,242,1,1,244,221,465
6471,105,252,357,4,1,362,283,645
6472,44,174,218,1,1,220,191,411
6473,54,162,216,1,0,217,193,410
6474,50,100,150,0,0,150,167,317
6475,59,126,185,1,4,190,159,349
6476,51,218,269,4,0,273,172,445
6477,34,231,265,4,0,269,175,444
6478,33,224,257,2,0,259,185,444
6479,41,250,291,10,1,302,243,545
6480,71,209,280,5,0,285,258,543
6481,50,223,273,3,1,277,246,523
6482,40,236,276,4,1,281,242,523
6483,63,217,280,4,0,284,238,522
6484,53,228,281,5,1,287,235,522
6485,53,227,280,0,0,280,242,522
6486,107,256,363,3,1,367,259,626
6487,121,192,313,2,1,316,284,600
6488,135,175,310,6,0,316,284,600
6489,124,205,329,2,0,331,269,600
6490,160,192,352,2,0,354,246,600
6491,167,173,340,2,0,342,258,600
6492,137,166,303,6,0,309,291,600
6493,137,207,344,4,0,348,252,600
6494,146,173,319,3,1,323,277,600
6495,166,184,350,5,1,356,244,600
6496,155,159,314,4,0,318,282,600
6497,121,213,334,1,0,335,265,600
6498,126,172,298,1,1,300,300,600
6499,134,176,310,1,0,311,289,600
6500,167,184,351,1,0,352,248,600
6501,128,197,325,0,0,325,275,600
6502,159,176,335,1,0,336,273,609
6503,127,102,229,2,0,231,146,377
6504,131,98,229,2,2,233,144,377
6505,80,139,219,6,0,225,175,400
6506,79,154,233,0,2,235,191,426
6507,156,215,371,2,0,373,146,519
6508,141,151,292,0,3,295,205,500
6509,105,165,270,4,2,276,222,498
6510,24,78,102,0,0,102,51,153
6511,4,6,10,0,2,12,6,18
6512,129,178,307,0,0,307,137,444
6513,123,145,268,0,0,268,176,444
6514,107,225,332,3,1,336,164,500
6515,101,182,283,9,2,294,206,500
6516,104,205,309,1,0,310,190,500
6517,110,180,290,5,0,295,205,500
6518,84,189,273,10,0,283,186,469
6519,15,11,26,0,1,27,22,49
6520,74,250,324,6,0,330,170,500
6521,59,239,298,1,4,303,197,500
6522,77,255,332,7,0,339,167,506
6523,145,214,359,3,0,362,206,568
6524,106,215,321,3,2,326,274,600
6525,113,232,345,2,0,347,252,599
6526,121,233,354,2,2,358,242,600
6527,113,238,351,7,0,358,242,600
6528,109,244,353,3,0,356,244,600
6529,110,233,343,2,0,345,255,600
6530,108,236,344,3,1,348,252,600
6531,85,235,320,6,2,328,248,576
6532,56,218,274,5,1,280,256,536
6533,90,222,312,5,0,317,219,536
6534,68,300,368,0,0,368,265,633
6535,109,228,337,3,1,341,234,575
6536,91,223,314,2,1,317,258,575
6537,89,233,322,4,0,326,224,550
6538,72,102,174,3,0,177,163,340
6539,52,117,169,0,1,170,171,341
6540,93,221,314,1,0,315,235,550
6541,92,217,309,1,1,311,239,550
6542,93,222,315,1,0,316,225,541
5402,3,1,4,0,0,4,21,25
6543,158,6,164,0,0,164,317,481
6544,62,7,69,0,1,70,156,226
6545,38,2,40,0,0,40,62,102
6546,41,6,47,0,0,47,100,147
6547,2,1,3,0,0,3,6,9
6548,13,0,13,0,0,13,78,91
6549,70,11,81,0,0,81,373,454
6550,90,20,110,0,0,110,433,543
6551,81,19,100,3,0,103,129,232
6552,24,4,28,1,0,29,78,107
6553,23,1,24,0,0,24,11,35
6554,53,9,62,1,0,63,289,352
6555,9,5,14,0,0,14,19,33
6556,15,4,19,0,0,19,24,43
6557,18,2,20,0,0,20,122,142
6558,56,18,74,0,0,74,726,800
6559,46,20,66,0,0,66,734,800
6560,51,24,75,0,0,75,625,700
6561,60,41,101,1,0,102,798,900
6562,65,30,95,0,0,95,850,945
6563,45,20,65,0,0,65,835,900
6564,58,13,71,0,0,71,829,900
6565,47,16,63,0,1,64,836,900
6566,33,27,60,0,0,60,786,846
6567,43,18,61,0,0,61,790,851
6568,65,22,87,0,0,87,763,850
6569,57,22,79,1,0,80,770,850
6570,70,17,87,0,0,87,771,858
6571,50,40,90,1,0,91,909,1000
6572,70,34,104,0,0,104,896,1000
6573,68,31,99,1,0,100,850,950
6574,57,12,69,0,0,69,881,950
6575,66,28,94,1,0,95,855,950
6576,56,30,86,0,0,86,864,950
6577,60,23,83,1,0,84,866,950
6578,78,27,105,0,0,105,845,950
6579,49,21,70,0,0,70,904,974
6580,110,25,135,2,0,137,763,900
6581,112,21,133,1,2,136,805,941
6582,104,22,126,0,1,127,644,771
6583,55,17,72,1,0,73,213,286
6584,147,36,183,2,1,186,604,790
6585,152,9,161,1,1,163,208,371
6586,116,46,162,0,0,162,272,434
6587,38,32,70,0,0,70,158,228
6588,10,5,15,0,0,15,75,90
6589,45,8,53,2,0,55,196,251
6590,21,3,24,0,0,24,55,79
6591,167,35,202,4,0,206,677,883
6592,12,11,23,0,0,23,44,67
6593,46,17,63,0,0,63,377,440
6594,102,9,111,1,0,112,113,225
6595,142,48,190,2,1,193,371,564
6596,17,10,27,1,0,28,141,169
6597,43,12,55,1,0,56,103,159
6598,112,11,123,0,0,123,172,295
6599,28,12,40,0,0,40,76,116
6600,11,1,12,0,1,13,26,39
6601,5,5,10,0,0,10,32,42
6602,74,8,82,1,0,83,215,298
6603,2,1,3,0,0,3,3,6
6604,6,4,10,1,0,11,9,20
6605,21,10,31,0,1,32,358,390
6606,3,0,3,0,0,3,6,9
6607,17,5,22,1,0,23,16,39
6608,5,1,6,0,0,6,33,39
6609,5,6,11,1,0,12,17,29
6610,31,8,39,0,0,39,84,123
6611,0,0,0,0,0,0,3,3
6612,1,0,1,0,0,1,1,2
